F 521.213203 21.213203 0.785398
E 0.000000 0.000000 0.000000 0.000000
W C 982.8 75.6 1848.5 695.7 1577.5 1429.6 920.3 1219.8 483.8 820.0 223.5 1586.7
W E 0.144 515.5 362.3 -2.809 523.9 1017.5 -2.418 551.2 949.2 -0.560 733.2 574.2 3.124 531.8 589.6 0.312 794.0 584.2
D C 364.9 -287.9 1415.4 -461.6 1742.8 248.9 1129.7 565.4 538.4 591.2 896.5 1317.5
F 521.213203 21.213203 0.785398
E 0.000000 0.000000 0.000000 0.000000
W C 983.4 75.7 1848.9 696.0 1577.4 1429.1 920.3 1219.9 483.8 821.6 223.4 1587.6
W E 0.130 391.0 257.1 -2.749 395.3 762.7 -0.744 771.8 407.5 -0.416 585.6 416.3 3.088 405.8 420.6 0.236 668.5 419.0
D C 366.0 -288.8 1416.7 -462.0 1741.8 248.8 1129.9 565.4 540.6 593.7 897.6 1319.0
F 521.213203 21.213203 0.785398
E 0.000000 0.000000 0.000000 0.000000
W C 983.7 75.7 1849.5 696.4 1577.3 1429.0 920.4 1220.4 483.7 822.6 223.2 1589.3
W E 0.125 327.6 210.3 -2.726 330.3 637.8 -0.710 671.6 337.4 -0.380 503.7 342.2 2.945 340.9 344.5 0.217 589.4 343.6
D C 366.2 -289.0 1418.2 -462.5 1741.8 248.8 1131.1 566.1 541.5 594.6 900.0 1322.6
F 521.213203 21.213203 0.785398
E 0.000000 0.000000 0.000000 0.000000
W C 983.9 75.8 1849.7 696.5 1576.6 1427.9 920.4 1220.2 483.7 822.7 223.2 1588.8
W E 0.123 287.5 182.3 -2.713 289.4 559.6 -0.693 603.3 294.2 -0.364 449.0 297.3 0.396 300.2 298.4 0.209 533.3 298.2
D C 366.2 -288.9 1417.4 -462.3 1737.0 248.1 1129.5 565.3 540.5 593.6 896.8 1317.9
F 521.213203 21.213203 0.785398
E 0.000000 0.000000 0.000000 0.000000
W C 983.7 75.7 1850.2 696.7 1576.5 1427.7 920.3 1219.9 483.8 821.8 223.2 1588.9
W E 0.122 259.3 163.2 -2.705 260.7 504.7 -0.683 552.5 264.2 -0.355 409.0 266.4 0.161 270.9 267.3 0.205 490.7 267.0
D C 365.1 -288.1 1419.4 -462.9 1739.8 248.5 1128.6 564.8 537.0 589.7 898.0 1319.6
F 521.213203 21.213203 0.785398
E 0.000000 0.000000 0.000000 0.000000
W C 983.7 75.7 1849.6 696.4 1576.4 1427.7 920.3 1219.9 483.8 821.4 223.3 1588.6
W E 0.121 238.0 149.0 -2.700 239.1 463.4 -0.676 512.8 241.8 -0.349 378.1 243.5 0.115 248.8 244.2 0.202 456.9 244.0
D C 365.1 -288.1 1413.4 -460.9 1740.2 248.6 1129.9 565.5 538.2 591.0 896.5 1317.5
F 521.213203 21.213203 0.785398
E 0.000000 0.000000 0.000000 0.000000
W C 983.5 75.7 1849.8 696.5 1576.0 1427.0 920.4 1220.3 483.8 821.5 223.3 1588.5
W E 0.121 221.2 138.0 -2.696 222.1 430.8 -0.671 480.6 224.3 -0.345 353.3 225.6 0.095 231.4 226.2 0.200 429.2 226.0
D C 364.7 -287.8 1418.5 -462.6 1734.9 247.8 1132.6 566.8 539.8 592.8 897.2 1318.4
F 521.213203 21.213203 0.785398
E 0.000000 0.000000 0.000000 0.000000
W C 983.4 75.7 1849.9 696.5 1575.8 1426.8 920.5 1220.5 483.7 821.7 223.3 1588.5
W E 0.120 207.6 129.1 -2.693 208.3 404.2 -0.668 453.8 210.1 -0.342 332.8 211.2 0.084 217.2 211.6 0.198 406.1 211.5
D C 364.9 -287.9 1417.5 -462.3 1738.0 248.2 1131.9 566.5 540.7 593.8 897.5 1318.9
F 521.213203 21.213203 0.785398
E 0.000000 0.000000 0.000000 0.000000
W C 983.4 75.7 1849.9 696.5 1575.8 1426.9 920.6 1220.8 483.7 821.7 223.2 1588.6
W E 0.120 196.2 121.7 -2.691 196.8 382.1 -0.665 431.0 198.3 -0.339 315.5 199.2 0.077 205.3 199.6 0.197 386.3 199.5
D C 365.2 -288.2 1416.6 -462.0 1739.8 248.5 1132.5 566.8 539.6 592.6 898.1 1319.8
F 521.213203 21.213203 0.785398
E 0.000000 0.000000 0.000000 0.000000
W C 983.5 75.7 1849.6 696.8 1575.8 1426.9 920.5 1220.7 483.7 821.7 223.3 1588.5
W E 0.120 186.5 115.5 -2.689 187.0 363.2 -0.663 411.4 188.3 -0.337 300.7 189.1 0.073 195.2 189.4 0.196 369.1 189.3
D C 365.8 -288.6 1417.7 -457.6 1739.7 248.5 1129.9 565.5 539.5 592.4 897.2 1318.4
F 521.213203 21.213203 0.785398
E 0.000000 0.000000 0.000000 0.000000
W C 983.3 75.7 1849.8 696.9 1575.8 1426.8 920.6 1221.0 483.7 821.7 223.2 1588.7
W E 0.119 178.1 110.1 -2.687 178.5 346.9 -0.661 394.2 179.6 -0.336 287.8 180.3 0.069 186.4 180.6 0.195 354.1 180.5
D C 364.1 -287.3 1419.0 -462.8 1739.0 248.4 1133.0 567.0 539.7 592.7 898.8 1320.8
F 521.213203 21.213203 0.785398
E 0.000000 0.000000 0.000000 0.000000
W C 983.2 75.7 1849.8 696.8 1575.9 1427.1 920.7 1221.1 483.8 821.7 223.2 1588.6
W E 0.119 170.7 105.5 -2.686 171.1 332.6 -0.660 379.1 172.1 -0.335 276.4 172.7 0.066 178.7 172.9 0.195 340.7 172.9
D C 364.5 -287.7 1416.9 -462.1 1743.3 249.0 1132.5 566.8 539.1 592.1 896.9 1318.1
F 521.213203 21.213203 0.785398
E 0.000000 0.000000 0.000000 0.000000
W C 983.2 75.7 1850.2 697.0 1576.0 1427.2 920.6 1221.0 483.7 821.9 223.2 1588.6
W E 0.119 164.2 101.3 -2.685 164.6 319.9 -0.659 365.5 165.4 -0.334 266.3 166.0 0.064 171.9 166.2 0.194 328.8 166.1
D C 365.0 -288.0 1423.0 -464.1 1741.8 248.8 1130.1 565.6 541.0 594.1 897.9 1319.5
F 538.723049 38.726132 0.785450
E 2.356216 0.951944 6.130700 0.076835
W C 984.5 77.0 1851.4 698.2 1577.1 1428.6 921.8 1222.3 485.0 823.1 224.3 1589.8
W E 0.116 158.3 97.4 -2.684 158.7 308.4 -0.657 353.1 159.5 -0.332 257.0 160.0 0.064 165.7 160.1 0.194 318.0 160.1
D C 365.2 -288.2 1416.0 -461.8 1740.2 248.6 1131.2 566.1 539.4 592.4 896.8 1317.9
F 570.009154 69.965744 0.784871
E 2.356270 4.922690 12.550567 0.144042
W C 987.5 80.1 1853.6 700.8 1578.9 1430.7 923.1 1222.0 487.2 825.4 226.0 1592.2
W E 0.107 153.0 93.5 -2.684 153.4 297.9 -0.656 341.8 154.1 -0.330 248.4 154.6 0.063 159.9 154.7 0.196 308.2 154.7
D C 352.2 -286.8 1402.9 -457.5 1715.5 250.4 1074.3 550.0 518.5 594.6 878.1 1325.0
F 601.590612 101.469513 0.783788
E 0.783763 16.717408 10.280195 0.172457
W C 990.8 83.5 1856.2 703.1 1581.4 1432.6 925.2 1222.6 490.0 828.1 228.2 1594.7
W E 0.093 148.0 90.0 -2.685 148.6 288.4 -0.655 331.7 149.3 -0.327 240.7 149.7 0.056 154.7 149.8 0.199 299.6 149.8
D C 313.8 -287.5 1365.2 -463.9 1681.8 240.2 1048.8 549.2 488.9 592.9 846.9 1321.6
F 633.399838 132.840453 0.781256
E 0.775058 20.029632 15.868380 0.190580
W C 994.9 87.6 1858.4 705.1 1584.0 1434.3 927.5 1222.6 493.3 830.3 228.4 1594.8
W E 0.072 143.1 86.7 -2.686 144.3 279.9 -0.653 322.6 144.9 -0.324 233.6 145.3 0.041 150.1 145.4 0.199 299.4 149.8
D C 279.2 -282.2 1324.1 -454.4 1640.5 244.6 1000.7 547.8 445.3 586.2
F 633.294618 132.708064 0.781087
E 0.774795 19.978644 14.951236 0.171021
W C 997.0 90.1 1858.2 705.7 1585.7 1435.0 929.0 1221.9 495.6 831.6 228.4 1594.8
W E 0.057 138.8 84.0 -2.686 140.3 272.6 -0.652 314.6 140.9 -0.321 227.5 141.2 0.033 146.0 141.3 0.199 299.3 149.8
D C 260.9 -280.4 1277.2 -447.1 1622.9 242.0 985.4 543.3 432.6 584.3
F 665.023530 163.878990 0.779033
E 0.752999 22.754151 20.054124 0.191892
W C 999.3 92.6 1857.9 705.9 1586.9 1435.0 930.4 1220.9 497.5 832.6 228.5 1594.8
W E 0.035 134.5 81.4 -2.687 136.7 265.6 -0.651 307.0 137.2 -0.318 221.6 137.5 0.015 142.2 137.5 0.199 299.2 149.8
D C 216.5 -277.0 1229.1 -443.0 1564.3 248.0 933.0 544.7 379.5 588.2
F 696.790697 194.967428 0.778224
E -0.013820 25.323957 25.076386 0.202170
W C 1003.3 95.7 1858.0 706.5 1588.7 1435.1 932.4 1220.3 499.7 834.2 228.6 1594.8
W E 0.005 129.9 79.0 -2.688 133.3 259.0 -0.650 299.9 133.8 -0.315 216.1 134.1 -0.012 138.7 134.0 0.199 299.2 149.8
D C 187.9 -278.9 1197.8 -440.1 1532.9 243.0 902.1 541.6 348.6 590.7
F 728.491128 225.756171 0.773751
E -0.733767 30.225486 27.370311 0.207577
W C 1008.9 99.2 1858.7 707.3 1591.0 1435.5 934.8 1220.3 502.5 836.3 228.6 1594.8
W E -0.031 125.0 76.8 -2.690 130.2 252.7 -0.649 293.2 130.6 -0.312 210.8 130.9 -0.048 135.5 130.7 0.199 299.2 149.8
D C 155.6 -276.2 1169.5 -441.9 1500.5 242.6 873.3 546.4 318.8 593.1
F 760.073308 256.334734 0.772374
E -0.758686 35.078673 29.347679 0.210948
W C 1015.9 102.8 1859.4 708.2 1593.2 1436.1 937.2 1220.3 505.2 838.6 228.6 1594.7
W E -0.073 119.8 74.9 -2.691 127.3 246.8 -0.648 286.8 127.7 -0.309 205.8 128.0 -0.089 132.5 127.6 0.199 299.2 149.8
D C 124.8 -274.1 1131.1 -439.3 1466.0 246.2 832.9 546.4 280.4 594.1
F 759.803967 255.909575 0.771005
E -0.752990 33.877875 29.192416 0.187891
W C 1019.6 104.9 1859.7 708.6 1594.6 1436.1 938.7 1220.1 506.9 840.1 228.5 1594.7
W E -0.107 115.9 73.1 -2.692 124.6 241.4 -0.647 281.1 124.9 -0.307 201.3 125.2 -0.115 129.9 124.7 0.199 299.2 149.8
D C 113.1 -277.2 1117.5 -438.0 1443.4 251.6 818.1 551.1 264.3 597.6
F 791.655755 286.797746 0.768520
E -0.769274 38.416061 31.043546 0.203793
W C 1023.1 106.6 1859.6 708.9 1595.7 1436.0 940.1 1219.8 508.0 841.5 228.5 1594.7
W E -0.146 111.5 71.6 -2.694 122.0 236.3 -0.646 275.6 122.4 -0.304 197.0 122.7 -0.142 127.4 121.9 0.199 299.2 149.8
D C 67.3 -274.8 1066.3 -436.9 1395.6 247.7 770.4 547.0 214.8 601.8
F 823.011210 318.505439 0.778282
E -2.358094 32.853892 43.127137 0.215688
W C 1023.3 106.8 1859.0 710.8 1595.9 1437.2 941.0 1219.7 509.1 842.9 228.5 1594.7
W E -0.150 111.4 71.4 -2.695 119.7 231.5 -0.645 270.4 120.0 -0.302 193.0 120.3 -0.165 125.2 119.2 0.199 299.2 149.8
D C 1026.6 -435.5 1364.7 246.5 735.6 539.4 184.2 595.6
F 823.114531 318.538783 0.777910
E -2.363582 32.751852 42.209738 0.195333
W C 1023.3 106.8 1858.2 710.9 1595.8 1436.8 941.1 1218.8 509.0 843.1 228.5 1594.7
W E -0.152 111.3 71.3 -2.697 117.5 227.2 -0.644 265.8 117.8 -0.300 189.3 118.0 -0.177 123.2 116.8 0.199 299.2 149.8
D C 997.1 -433.8 1324.9 251.9 698.2 545.7 146.0 600.5
F 854.759305 350.265178 0.779680
E -2.378366 34.446700 46.143800 0.205229
W C 1023.5 106.9 1857.1 711.9 1595.3 1437.2 940.9 1218.4 508.9 843.7 230.9 1595.8
W E -0.154 111.3 71.1 -2.698 115.4 222.4 -0.643 260.6 115.7 -0.298 185.2 115.9 -0.207 121.2 114.3 0.213 288.2 145.6
D C 958.2 -434.5 1292.7 249.9 666.4 544.3 474.7 1317.1 112.0 603.8
F 885.965292 381.415990 0.778193
E -2.387307 35.888311 49.996406 0.206514
W C 1029.8 107.8 1856.0 713.4 1595.1 1437.6 941.1 1218.2 509.1 844.8 233.5 1597.2
W E -0.201 104.7 70.2 -2.700 113.4 217.7 -0.642 255.5 113.7 -0.297 181.3 113.9 -0.231 119.3 111.9 0.225 279.1 141.7
D C -47.4 -285.1 925.1 -422.9 1257.2 251.0 631.5 545.5 438.5 1317.1 81.6 604.0
F 916.923409 412.609327 0.776202
E -2.393885 37.272270 53.824561 0.207799
W C 1035.6 108.4 1855.1 715.4 1594.7 1438.5 941.4 1218.4 509.2 846.2 236.0 1598.7
W E -0.242 99.5 69.4 -2.701 111.6 213.2 -0.642 250.6 111.8 -0.296 177.4 112.1 -0.246 117.6 109.6 0.237 271.0 138.2
D C -78.6 -288.4 896.0 -426.3 1220.4 251.5 601.9 546.3 407.1 1316.5 48.0 606.7
F 948.226315 444.391764 0.783885
E -2.398954 38.697979 57.720161 0.211513
W C 1035.7 108.4 1854.5 717.2 1594.3 1439.3 941.9 1218.3 509.4 847.2 237.5 1599.7
W E -0.245 99.4 69.3 -2.702 109.8 208.9 -0.641 246.0 110.0 -0.297 173.8 110.3 -0.252 116.0 107.4 0.249 263.8 135.0
D C 848.2 -429.4 1172.2 252.8 550.1 540.9 358.9 1316.4 -4.2 609.6
F 979.006112 476.169158 0.790223
E -2.402936 40.049728 61.591631 0.213480
W C 1035.7 108.2 1854.3 720.0 1593.8 1440.9 942.7 1218.8 509.9 848.8 238.6 1601.1
W E -0.246 99.3 69.3 -2.704 108.2 204.7 -0.640 241.5 108.4 -0.297 170.4 108.6 -0.253 114.7 105.4 0.259 257.2 132.1
D C 833.9 -428.6 1149.7 255.4 535.0 545.7 342.8 1320.9 -21.1 610.9
F 978.911021 476.055744 0.791063
E -2.405514 39.873907 60.585009 0.190018
W C 1035.6 108.2 1853.8 721.2 1593.4 1441.2 943.1 1218.7 509.9 849.6 239.5 1602.0
W E -0.247 99.3 69.2 -2.705 106.6 201.0 -0.640 237.4 106.8 -0.298 167.2 107.0 -0.252 113.4 103.4 0.269 251.4 129.4
D C 801.3 -430.7 1119.8 252.3 506.2 542.3 317.0 1321.4 -51.5 614.4
F 1010.612450 507.733923 0.791229
E -2.407857 41.178882 64.347304 0.204859
W C 1035.6 108.1 1853.0 722.2 1593.2 1441.3 943.4 1218.3 509.9 850.2 240.2 1602.9
W E -0.248 99.3 69.2 -2.706 105.1 197.4 -0.639 233.4 105.3 -0.300 164.2 105.4 -0.246 112.2 101.6 0.278 246.0 126.9
D C 743.2 -420.3 1069.2 254.8 450.7 543.2 262.7 1326.0 -104.8 612.2
F 1041.636973 539.521961 0.793890
E -2.409774 42.419254 68.183221 0.211644
W C 1035.5 108.1 1852.3 724.5 1592.9 1442.3 944.2 1218.6 510.1 851.2 241.5 1603.8
W E -0.248 99.3 69.2 -2.707 103.7 193.9 -0.639 229.5 103.8 -0.302 161.4 103.9 -0.238 111.0 99.9 0.286 241.0 124.6
D C 724.6 -421.6 1054.6 251.3 437.8 541.0 248.2 1316.0 -122.5 613.4
F 1072.854919 571.376966 0.796636
E -2.410840 43.608848 72.071898 0.214938
W C 1035.3 108.0 1851.8 726.5 1592.7 1443.2 945.1 1218.7 510.2 852.3 242.3 1604.7
W E -0.249 99.3 69.1 -2.707 102.4 190.5 -0.638 225.8 102.5 -0.306 158.6 102.5 -0.228 110.0 98.4 0.294 236.3 122.5
D C 681.4 -422.0 1006.0 252.8 390.4 541.0 199.3 1322.5 -167.7 618.9
F 1072.996822 571.020061 0.795369
E -2.411725 43.404434 71.244391 0.191866
W C 1035.3 107.9 1851.1 727.7 1592.5 1443.5 945.5 1218.6 510.1 853.0 243.3 1605.4
W E -0.249 99.3 69.1 -2.708 101.1 187.5 -0.638 222.4 101.2 -0.309 156.2 101.1 -0.219 109.0 96.9 0.301 232.1 120.6
D C 664.2 -417.0 990.9 255.5 375.1 544.0 182.3 1319.4 -184.1 619.0
F 1104.347302 602.477044 0.793248
E -2.411391 44.580018 75.104105 0.210631
W C 1035.2 107.9 1850.6 729.3 1592.3 1444.1 946.2 1218.7 510.2 853.0 244.3 1606.2
W E -0.249 99.3 69.1 -2.708 99.9 184.6 -0.638 219.2 99.9 -0.312 153.9 99.8 -0.226 109.0 96.8 0.308 228.3 118.7
D C 632.6 -416.4 954.7 261.8 340.5 546.0 145.9 1324.3
F 1135.541609 634.057837 0.795168
E -2.410329 45.714872 79.093276 0.220096
W C 1035.1 107.8 1850.2 731.3 1592.1 1445.0 947.4 1219.2 510.2 853.0 245.4 1607.2
W E -0.249 99.2 69.1 -2.708 98.7 181.8 -0.638 216.0 98.7 -0.316 151.8 98.5 -0.229 108.9 96.7 0.315 224.7 117.1
D C 600.0 -416.4 924.3 259.6 313.0 545.7 117.1 1324.1
F 1166.603194 665.496463 0.794554
E -2.409042 46.796970 83.146099 0.224706
W C 1034.9 107.7 1849.9 733.6 1592.2 1446.1 948.8 1219.8 510.2 852.9 246.1 1608.3
W E -0.250 99.2 69.1 -2.707 97.6 179.1 -0.638 212.9 97.6 -0.321 149.9 97.2 -0.231 108.9 96.6 0.321 221.3 115.5
D C 565.1 -415.8 892.5 259.6 281.0 546.6 85.1 1335.0
F 1198.040392 696.810777 0.793081
E -2.407574 47.836873 87.245844 0.227188
W C 1034.8 107.7 1849.6 735.7 1592.2 1447.1 950.1 1220.6 510.2 852.9 246.9 1609.3
W E -0.250 99.2 69.1 -2.706 96.5 176.6 -0.638 210.0 96.5 -0.326 148.0 95.9 -0.233 108.9 96.6 0.327 218.0 114.1
D C 518.1 -408.9 845.8 268.6 232.5 552.9 27.6 1332.7
F 1197.973176 696.335787 0.792442
E -2.407969 47.606494 86.459171 0.204169
W C 1034.7 107.6 1849.3 737.1 1592.1 1447.7 950.9 1221.0 510.3 852.8 247.7 1610.2
W E -0.250 99.2 69.1 -2.705 95.4 174.3 -0.638 207.3 95.5 -0.331 146.4 94.6 -0.234 108.8 96.6 0.332 215.1 112.7
D C 506.2 -414.8 830.8 263.9 219.6 550.2 23.5 1330.5
F 1229.133629 727.488176 0.792080
E -2.406874 48.602506 90.448539 0.217923
W C 1034.6 107.5 1849.1 739.0 1592.2 1448.4 952.0 1221.5 510.3 852.8 248.2 1611.1
W E -0.250 99.2 69.0 -2.704 94.4 172.1 -0.638 204.7 94.5 -0.335 144.9 93.4 -0.235 108.8 96.6 0.337 212.4 111.5
D C 477.6 -411.3 797.6 264.2 186.2 548.0 -17.4 1336.7
F 1260.066392 758.740703 0.795655
E -2.405584 49.557462 94.534303 0.224861
W C 1034.4 107.5 1849.0 741.2 1592.3 1449.3 953.3 1222.4 510.3 852.7 248.9 1612.0
W E -0.250 99.2 69.0 -2.702 93.4 170.0 -0.638 202.1 93.6 -0.340 143.5 92.2 -0.236 108.8 96.6 0.341 209.7 110.3
D C 442.9 -413.4 768.5 265.0 157.6 551.3 -42.1 1337.7
F 1290.894158 789.755691 0.795129
E -2.404196 50.461292 98.665637 0.228314
W C 1034.3 107.4 1849.2 743.9 1592.6 1450.2 954.8 1223.5 510.3 852.6 249.6 1613.0
W E -0.250 99.2 69.0 -2.699 92.5 168.1 -0.639 199.7 92.6 -0.344 142.3 91.0 -0.237 108.8 96.6 0.346 207.3 109.3
D C 412.3 -411.7 732.1 265.1 123.6 552.2 -83.4 1341.0
F 1290.652451 788.956950 0.794891
E -2.404284 50.182158 97.937687 0.205796
W C 1034.2 107.3 1849.3 745.5 1592.7 1450.9 955.8 1224.2 510.3 852.6 250.0 1613.7
W E -0.250 99.2 69.0 -2.697 91.5 166.3 -0.640 197.4 91.8 -0.347 141.2 89.9 -0.238 108.8 96.6 0.350 205.0 108.3
D C 396.0 -412.7 718.6 267.7 109.5 552.9 -99.9 1340.5
F 1321.901471 820.098013 0.795435
E -2.403036 51.069560 102.011930 0.219974
W C 1034.0 107.2 1849.5 746.9 1592.7 1451.6 956.7 1225.0 510.4 852.5 250.2 1614.4
W E -0.250 99.2 69.0 -2.695 90.6 164.7 -0.640 195.3 90.9 -0.350 140.2 88.8 -0.239 108.7 96.6 0.353 202.9 107.3
D C 351.1 -414.0 669.9 270.9 62.8 555.0 -150.2 1344.9
F 1352.917239 851.020378 0.793911
E -2.401792 51.906892 106.172514 0.227044
W C 1033.9 107.1 1849.9 748.7 1593.0 1452.2 957.8 1225.9 510.4 852.5 250.3 1615.2
W E -0.250 99.2 69.0 -2.692 89.7 163.1 -0.641 193.2 90.1 -0.352 139.2 87.7 -0.240 108.7 96.6 0.357 200.8 106.4
D C 320.9 -415.8 639.9 270.2 31.9 553.6 -180.6 1353.2
F 1383.706202 881.879689 0.795311
E -2.400517 52.703989 110.408272 0.230863
W C 1033.7 107.1 1850.6 751.0 1593.3 1453.1 958.8 1227.1 510.3 852.4 250.9 1616.0
W E -0.251 99.2 69.0 -2.689 88.7 161.7 -0.642 191.2 89.3 -0.354 138.4 86.6 -0.240 108.7 96.6 0.360 198.9 105.6
D C 291.5 -415.9 612.0 274.1 1.3 557.3 -209.2 1346.5
F 1414.746995 912.618928 0.793854
E -2.398205 53.490706 114.997764 0.241013
W C 1033.6 107.0 1851.7 753.3 1594.1 1453.9 959.9 1228.7 510.2 852.3 251.1 1616.0
W E -0.251 99.2 69.0 -2.686 87.7 160.6 -0.644 189.6 88.5 -0.354 137.7 85.6 -0.241 108.7 96.5 0.360 198.6 105.6
D C 259.1 -419.8 579.9 274.8 -29.7 560.6
F 1414.838558 911.818417 0.791236
E -2.397754 53.144827 114.370824 0.221164
W C 1033.5 107.0 1852.0 753.6 1594.1 1454.4 960.1 1229.3 510.2 852.2 251.4 1616.1
W E -0.251 99.2 69.0 -2.684 86.8 159.6 -0.644 188.1 87.7 -0.354 137.0 84.8 -0.241 108.7 96.5 0.359 198.4 105.6
D C 214.4 -418.7 534.3 275.6 -76.7 561.9
F 1445.948730 942.385579 0.790559
E -2.395946 53.903916 118.912620 0.236838
W C 1033.4 106.9 1853.0 755.0 1594.7 1455.0 960.6 1230.5 510.2 852.2 251.6 1616.1
W E -0.251 99.2 69.0 -2.682 85.9 158.8 -0.645 186.8 87.0 -0.353 136.4 83.9 -0.242 108.7 96.5 0.359 198.2 105.6
D C 201.0 -417.5 520.5 278.7 -95.3 567.1
F 1477.206481 972.823606 0.785873
E -2.394427 54.616996 123.602270 0.245929
W C 1033.3 106.9 1854.0 756.1 1595.1 1455.6 960.9 1231.6 510.1 852.1 251.8 1616.1
W E -0.251 99.2 69.0 -2.680 84.9 158.0 -0.647 185.6 86.2 -0.353 135.8 83.2 -0.242 108.7 96.5 0.359 198.1 105.6
D C 156.5 -420.1 471.2 282.9 -139.0 568.0
F 1507.841296 1002.751934 0.785967
E -2.393318 55.285869 128.408741 0.251540
W C 1033.1 106.8 1855.8 757.9 1596.1 1456.2 961.3 1233.0 510.0 852.0 251.7 1616.0
W E -0.251 99.2 69.0 -2.679 84.0 157.3 -0.648 184.5 85.5 -0.352 135.3 82.5 -0.243 108.7 96.5 0.359 198.0 105.6
D C 142.9 -418.5 452.7 285.2 -155.2 572.6
F 1507.920277 1001.654110 0.779943
E -2.392966 54.987685 127.823231 0.235831
W C 1033.1 106.8 1856.5 758.5 1596.7 1456.7 961.2 1233.1 509.9 851.9 251.6 1616.0
W E -0.251 99.2 69.0 -2.678 83.1 156.8 -0.648 183.7 84.8 -0.353 135.2 82.3 -0.243 108.7 96.5 0.359 197.9 105.6
D C 110.2 -416.7 423.6 285.4
F 1539.922170 1032.097776 0.771801
E -2.391597 55.766291 132.819351 0.254413
W C 1033.0 106.8 1857.2 759.0 1597.3 1457.3 961.1 1233.1 509.8 851.8 251.5 1615.9
W E -0.251 99.2 69.0 -2.678 82.2 156.3 -0.649 183.0 84.2 -0.354 135.1 82.3 -0.243 108.7 96.5 0.359 197.8 105.6
D C 66.5 -419.3 375.4 287.9
F 1571.498115 1062.080223 0.766782
E -2.390750 56.491879 138.019286 0.266512
W C 1033.0 106.8 1858.7 760.0 1598.6 1458.0 960.6 1233.1 509.6 851.7 251.0 1615.7
W E -0.251 99.2 69.0 -2.679 81.4 155.8 -0.650 182.4 83.5 -0.355 135.1 82.2 -0.244 108.6 96.5 0.359 197.8 105.6
D C 49.9 -423.1 356.3 291.0
F 1603.115017 1092.029153 0.759981
E -2.390737 57.158208 143.403234 0.274807
W C 1032.9 106.8 1860.0 760.8 1599.9 1458.9 960.1 1232.9 509.4 851.6 250.5 1615.5
W E -0.251 99.2 69.0 -2.680 80.5 155.4 -0.650 181.9 82.8 -0.356 135.0 82.1 -0.244 108.6 96.5 0.359 197.7 105.6
D C 4.2 -422.5 309.2 293.0
F 1602.737766 1091.345717 0.757034
E -2.391737 56.794021 142.703967 0.256337
W C 1032.9 106.8 1860.8 761.0 1600.6 1459.5 959.8 1232.8 509.3 851.6 250.2 1615.4
W E -0.251 99.2 69.0 -2.681 79.8 155.1 -0.650 181.5 82.2 -0.357 134.9 82.1 -0.245 108.6 96.5 0.359 197.6 105.6
D C -11.4 -425.9 290.8 293.1
F 1634.470157 1121.360313 0.755891
E -2.392149 57.452710 148.174690 0.270819
W C 1032.8 106.8 1862.0 761.5 1601.6 1460.5 959.3 1232.7 509.2 851.5 249.8 1615.2
W E -0.251 99.2 69.0 -2.682 79.1 154.7 -0.650 181.1 81.5 -0.357 134.9 82.0 -0.245 108.6 96.5 0.359 197.6 105.6
D C -39.0 -426.5 257.8 295.7
F 1666.361722 1151.336490 0.751494
E -2.393234 58.039324 153.897513 0.281071
W C 1032.8 106.8 1863.1 761.7 1602.3 1461.5 958.9 1232.5 509.1 851.4 249.4 1615.1
W E -0.251 99.2 69.0 -2.684 78.5 154.4 -0.650 180.9 80.7 -0.358 134.8 82.0 -0.245 108.6 96.5 0.359 197.5 105.6
D C -86.6 -430.1 204.9 297.1
F 1696.720715 1181.513787 0.765687
E -2.394475 58.567612 159.896410 0.289555
W C 1032.7 106.8 1864.9 762.0 1603.6 1463.5 958.2 1232.3 508.8 851.2 248.8 1614.8
W E -0.251 99.2 69.0 -2.686 77.9 154.2 -0.649 180.6 79.9 -0.359 134.8 82.0 -0.245 108.6 96.5 0.359 197.5 105.6
D C -102.3 -432.3 187.1 295.9
F 1725.482650 1212.887421 0.840269
E -2.393681 59.346130 166.106660 0.304340
W C 1032.7 106.8 1867.1 761.9 1604.1 1464.9 957.5 1232.1 508.6 851.1 248.1 1614.6
W E -0.251 99.2 69.0 -2.688 77.4 153.9 -0.648 180.4 79.0 -0.359 134.8 81.9 -0.246 108.6 96.5 0.360 197.4 105.6
D C -146.8 -436.5 137.0 299.6
F 1725.561990 1211.021363 0.826654
E -2.394653 58.847121 165.338224 0.284588
W C 1032.6 106.8 1868.5 761.9 1604.4 1466.0 957.0 1232.0 508.5 851.0 247.6 1614.4
W E -0.251 99.2 69.0 -2.690 77.0 153.6 -0.647 180.2 78.2 -0.360 134.7 81.9 -0.246 108.6 96.5 0.360 197.4 105.6
D C -165.7 -434.5 126.2 295.0
F 1751.727213 1247.206263 0.925573
E -2.392429 59.811803 172.108527 0.315563
W C 1032.6 106.8 1868.5 761.6 1604.6 1467.1 957.0 1231.9 508.5 851.0 247.7 1614.4
W E -0.251 99.2 69.0 -2.690 77.0 153.6 -0.645 180.1 77.4 -0.360 134.7 81.9 -0.246 108.6 96.5 0.360 197.4 105.6
D C 111.4 279.3
F 1774.592899 1285.255620 1.026219
E -2.387516 60.520942 177.389663 0.318553
W C 1032.6 106.8 1868.6 760.9 1605.3 1467.9 957.3 1231.8 508.5 851.0 246.5 1614.2
W E -0.251 99.2 69.0 -2.688 76.7 153.4 -0.647 179.1 75.8 -0.360 134.6 81.9 -0.246 108.6 96.5 0.363 194.9 105.2
D C 87.3 262.1 -513.4 1503.6
F 1793.981427 1324.057609 1.121199
E -2.377999 60.985335 182.623884 0.322959
W C 1032.5 106.7 1868.4 760.0 1606.5 1469.8 957.5 1231.8 508.6 851.0 245.7 1613.5
W E -0.251 99.2 69.0 -2.686 76.5 153.1 -0.647 178.4 74.1 -0.361 134.6 81.8 -0.247 108.6 96.5 0.366 192.8 104.8
D C 78.5 256.7 -485.0 1510.9
F 1809.792345 1364.146111 1.215735
E -2.364167 61.332910 187.712278 0.328461
W C 1032.4 106.7 1868.1 758.9 1607.6 1471.8 957.7 1231.7 508.6 851.0 244.8 1612.7
W E -0.251 99.2 69.0 -2.684 76.3 152.9 -0.647 177.7 72.3 -0.361 134.5 81.8 -0.247 108.6 96.5 0.369 190.9 104.5
D C 53.9 237.6 -385.1 1552.8
F 1810.544105 1362.962260 1.214424
E -2.365108 60.982523 185.892292 0.304655
W C 1032.4 106.6 1868.0 758.3 1608.3 1472.7 957.9 1231.7 508.7 851.0 244.1 1612.3
W E -0.251 99.2 69.0 -2.682 76.2 152.7 -0.647 177.1 70.9 -0.362 134.5 81.8 -0.247 108.6 96.5 0.373 189.4 104.3
D C 44.0 233.1 -357.2 1562.8
F 1822.579252 1404.308237 1.309065
E -0.777755 190.697665 61.353738 0.319694
W C 1032.4 106.6 1867.8 757.5 1609.1 1474.1 958.1 1231.6 508.7 851.0 243.4 1611.8
W E -0.251 99.2 69.0 -2.680 76.0 152.5 -0.645 176.6 69.5 -0.362 134.4 81.8 -0.247 108.6 96.5 0.376 188.0 104.0
D C 28.3 225.5 -276.6 1587.1
F 1829.386781 1447.814624 1.412644
E -0.754815 197.180442 61.987907 0.355634
W C 1032.3 106.6 1867.7 756.8 1609.1 1475.7 958.3 1231.6 508.7 851.0 243.7 1611.8
W E -0.251 99.2 69.0 -2.679 75.9 152.4 -0.642 176.4 68.6 -0.362 134.4 81.8 -0.247 108.6 96.5 0.376 188.0 104.0
D C 12.0 220.5
F 1831.650748 1490.474193 1.517132
E -0.726228 203.804091 63.097350 0.386703
W C 1032.3 106.5 1867.5 756.1 1608.9 1477.4 958.5 1231.5 508.8 851.0 244.2 1611.9
W E -0.251 99.2 69.0 -2.678 75.8 152.4 -0.639 176.1 68.0 -0.362 134.4 81.8 -0.247 108.6 96.5 0.376 187.9 104.0
D C -3.5 218.5
F 1829.592181 1534.290616 1.614274
E -0.690832 210.814916 65.081121 0.415461
W C 1032.3 106.5 1867.4 755.6 1608.7 1478.3 958.6 1231.5 508.8 851.0 244.6 1612.0
W E -0.251 99.2 69.0 -2.677 75.8 152.3 -0.637 175.9 67.6 -0.362 134.4 81.8 -0.247 108.6 96.5 0.376 187.8 104.0
D C -31.5 220.8
F 1829.592181 1534.290616 1.614274
E -0.690832 210.814916 65.081121 0.415461
W C 1032.3 106.5 1867.4 755.6 1608.7 1478.3 958.6 1231.5 508.8 851.0 244.6 1612.0
W E -0.251 99.2 69.0 -2.677 75.8 152.3 -0.637 175.9 67.6 -0.362 134.4 81.8 -0.247 108.6 96.5 0.376 187.8 104.0
D C
F 1827.516252 1575.715647 1.749125
E -0.661558 213.892776 67.914541 0.409123
W C 1032.2 106.5 1867.1 754.9 1610.0 1479.4 958.8 1231.5 508.8 850.9 243.8 1611.0
W E -0.251 99.2 69.0 -2.676 75.7 152.2 -0.638 175.6 67.0 -0.363 134.3 81.8 -0.247 108.6 96.5 0.379 186.6 103.9
D C 122.1 1605.2
F 1820.740762 1614.919194 1.887857
E -0.632985 216.283049 71.059978 0.406898
W C 1032.2 106.5 1866.7 754.4 1611.0 1480.4 958.8 1231.5 508.8 850.9 243.4 1610.1
W E -0.251 99.2 69.0 -2.676 75.6 152.1 -0.640 175.3 66.7 -0.363 134.3 81.8 -0.247 108.6 96.5 0.382 185.6 103.7
D C 253.5 1583.1
F 1792.583264 1651.700081 2.118537
E -0.603308 219.023809 74.315496 0.406388
W C 1032.2 106.4 1867.5 753.3 1613.1 1478.8 959.9 1231.5 506.3 851.9 243.9 1609.2
W E -0.251 99.2 69.0 -2.676 75.6 152.0 -0.641 175.0 66.4 -0.364 134.3 81.8 -0.270 108.0 96.0 0.380 185.2 103.6
D C 310.7 1567.9
F 1801.928721 1652.282235 2.060927
E -0.618619 215.509389 71.923893 0.342325
W C 1032.2 106.4 1867.2 753.5 1612.7 1480.1 961.0 1230.4 506.1 852.5 243.5 1608.6
W E -0.251 99.2 68.9 -2.675 75.5 151.9 -0.642 174.5 66.1 -0.364 133.8 81.3 -0.270 108.0 95.9 0.382 184.1 103.5
D C 493.5 1497.5 -73.5 911.2
F 1785.737539 1686.227095 2.149038
E -0.596977 215.875362 73.370027 0.332572
W C 1032.2 106.4 1867.0 753.6 1612.3 1481.0 962.2 1229.7 506.0 852.9 243.0 1607.9
W E -0.251 99.2 68.9 -2.674 75.5 151.8 -0.644 174.1 65.8 -0.365 133.4 81.0 -0.270 108.0 95.9 0.383 183.1 103.3
D C 546.3 1473.2 -45.1 905.1
F 1764.052445 1719.569642 2.244006
E -0.580128 215.135051 73.923458 0.309394
W C 1032.2 106.4 1866.8 753.9 1611.4 1481.8 962.6 1230.0 506.8 852.4 242.5 1607.8
W E -0.251 99.2 68.9 -2.673 75.4 151.6 -0.647 173.6 65.5 -0.366 133.0 80.6 -0.290 107.6 95.4 0.383 181.8 103.0
D C 718.3 1366.3 51.8 899.4 -70.7 1510.6
F 1736.786416 1748.941747 2.355986
E -0.557672 215.278331 75.287850 0.314002
W C 1032.2 106.4 1866.8 753.9 1611.2 1481.9 963.6 1230.0 506.7 852.7 241.8 1606.9
W E -0.251 99.2 68.9 -2.672 75.4 151.6 -0.648 173.3 65.3 -0.367 132.7 80.3 -0.290 107.6 95.4 0.384 181.0 102.8
D C 821.0 1281.3 108.2 882.4
F 1737.361957 1749.646111 2.345106
E -0.564405 213.765395 73.859743 0.284438
W C 1032.2 106.4 1866.8 754.0 1610.8 1481.9 964.2 1230.3 506.6 852.8 241.5 1606.3
W E -0.251 99.2 68.9 -2.672 75.4 151.5 -0.649 173.1 65.2 -0.368 132.4 79.9 -0.290 107.5 95.4 0.384 180.1 102.7
D C 865.4 1230.7 138.0 879.0
F 1703.784957 1774.304331 2.482831
E -0.541322 213.797742 75.067035 0.301219
W C 1032.2 106.4 1866.8 754.1 1610.5 1481.8 964.8 1230.6 506.6 852.8 241.2 1605.8
W E -0.251 99.2 68.9 -2.671 75.3 151.4 -0.651 172.9 65.1 -0.369 132.1 79.6 -0.290 107.5 95.4 0.385 179.4 102.5
D C 990.5 1087.7 221.3 842.1
F 1670.310799 1795.498651 2.591760
E -0.518416 213.282028 76.380116 0.306456
W C 1032.2 106.4 1866.8 754.0 1610.4 1481.7 965.4 1231.0 506.5 852.9 240.6 1605.0
W E -0.251 99.2 68.9 -2.671 75.3 151.4 -0.651 172.7 64.9 -0.370 131.8 79.3 -0.290 107.5 95.4 0.386 178.7 102.3
D C 1034.3 1035.8 249.3 824.2
F 1632.224371 1812.705230 2.724304
E -0.494473 212.421114 77.932738 0.314306
W C 1032.2 106.4 1866.8 754.0 1610.2 1481.6 966.0 1231.5 506.5 853.0 240.3 1604.3
W E -0.251 99.2 68.9 -2.671 75.3 151.3 -0.652 172.5 64.8 -0.370 131.6 79.0 -0.290 107.5 95.3 0.386 178.0 102.1
D C 1117.9 868.2 321.9 778.7
F 1593.969239 1825.569771 2.841625
E -0.471541 211.058285 79.470294 0.315411
W C 1032.2 106.4 1866.9 753.8 1610.2 1481.4 966.4 1232.0 506.5 853.0 239.7 1603.6
W E -0.251 99.2 68.9 -2.670 75.3 151.3 -0.653 172.4 64.8 -0.371 131.3 78.7 -0.290 107.5 95.3 0.386 177.4 102.0
D C 1169.4 756.9 368.4 738.9
F 1593.921766 1826.204957 2.833839
E -0.476249 210.094986 77.781297 0.284477
W C 1032.2 106.4 1866.9 753.8 1610.1 1481.3 966.8 1232.5 506.5 853.0 239.5 1603.0
W E -0.251 99.2 68.9 -2.670 75.3 151.3 -0.654 172.2 64.7 -0.371 131.1 78.5 -0.290 107.5 95.3 0.387 176.8 101.8
D C 1186.4 692.7 388.9 718.3
F 1552.151935 1831.862548 2.976331
E -0.453352 208.486282 79.127650 0.299862
W C 1032.1 106.4 1866.9 753.8 1609.9 1481.1 967.3 1233.0 506.4 853.0 239.3 1602.4
W E -0.251 99.2 68.9 -2.670 75.2 151.2 -0.654 172.1 64.6 -0.372 130.9 78.2 -0.290 107.5 95.3 0.387 176.2 101.6
D C 1228.1 496.6 441.6 640.4
F 1511.859085 1834.380019 3.098068
E -0.431444 206.339519 80.558723 0.308339
W C 1032.1 106.4 1866.9 753.6 1609.9 1480.9 967.6 1233.7 506.4 853.0 238.7 1601.6
W E -0.251 99.2 68.9 -2.669 75.2 151.2 -0.655 172.0 64.5 -0.372 130.6 77.9 -0.291 107.5 95.3 0.388 175.7 101.4
D C 1241.8 441.1 458.4 619.1
F 1470.929945 1830.917025 -3.057193
E -0.410928 203.804121 81.958001 0.311027
W C 1032.1 106.4 1866.9 753.5 1610.0 1480.7 968.0 1234.3 506.4 853.0 238.3 1600.9
W E -0.251 99.2 68.9 -2.669 75.2 151.2 -0.655 171.9 64.5 -0.371 130.4 77.6 -0.291 107.5 95.3 0.388 175.2 101.3
D C 1244.9 232.8 503.6 533.0
F 1469.179233 1829.370020 -3.047862
E -0.413874 203.054932 80.315542 0.280800
W C 1032.1 106.4 1867.0 753.5 1609.7 1480.5 968.3 1234.9 506.4 853.0 238.4 1600.4
W E -0.251 99.2 68.9 -2.669 75.2 151.1 -0.656 171.8 64.4 -0.371 130.2 77.3 -0.291 107.5 95.3 0.389 174.7 101.1
D C 1219.6 102.2 521.9 470.9
F 1424.879614 1819.973726 -3.000804
E -0.390796 200.007178 80.785928 0.271307
W C 1032.2 107.1 1867.0 752.8 1610.3 1479.6 968.7 1235.1 506.5 852.9 238.4 1599.5
W E -0.250 99.0 68.7 -2.668 75.1 151.0 -0.656 171.6 64.3 -0.369 129.8 77.0 -0.291 107.5 95.3 0.389 174.2 100.7
D C 1209.0 41.7 528.2 442.3 598.4 1583.6
F 1380.942731 1807.777046 -2.964384
E -0.367590 196.720388 82.017791 0.267241
W C 1032.4 107.0 1866.3 753.1 1610.6 1479.4 968.9 1235.6 506.5 852.9 238.6 1599.0
W E -0.250 99.0 68.7 -2.670 75.0 150.6 -0.656 171.4 64.2 -0.368 129.5 76.7 -0.291 107.5 95.3 0.389 173.7 100.5
D C 1155.2 -77.2 513.9 389.1 -227.3 1102.7
F 1338.768939 1794.079917 -2.932551
E -0.344305 193.435769 83.246890 0.264787
W C 1032.6 106.9 1865.7 753.2 1611.3 1479.2 968.9 1236.1 506.5 853.0 238.7 1598.5
W E -0.250 99.0 68.7 -2.671 74.9 150.2 -0.657 171.3 64.1 -0.367 129.2 76.5 -0.291 107.5 95.3 0.390 173.3 100.3
D C 1138.0 -104.2 504.8 377.4 -217.7 1107.8
F 1297.261276 1779.088647 -2.899608
E -0.321173 190.169412 84.415771 0.262783
W C 1032.7 106.9 1865.3 753.2 1611.9 1478.9 968.8 1236.7 506.5 853.0 238.8 1598.1
W E -0.250 99.0 68.7 -2.673 74.7 149.8 -0.657 171.2 64.1 -0.366 128.8 76.2 -0.291 107.5 95.3 0.391 172.8 100.0
D C 1079.7 -145.8 471.7 359.5 -234.2 1119.0
F 1297.891790 1775.741476 -2.882916
E -0.321713 189.194052 82.908339 0.239752
W C 1032.8 106.8 1865.1 753.3 1612.1 1478.7 968.7 1237.2 506.5 853.0 239.0 1597.8
W E -0.250 99.0 68.7 -2.674 74.6 149.4 -0.657 171.0 64.0 -0.365 128.5 75.9 -0.291 107.5 95.3 0.392 172.4 99.8
D C 1061.5 -150.0 458.2 358.1 -251.2 1114.9
F 1255.094058 1761.355145 -2.866977
E -0.298071 185.873273 84.015074 0.250247
W C 1032.8 106.8 1865.1 753.4 1612.3 1478.5 968.5 1237.8 506.5 853.0 239.1 1597.4
W E -0.250 99.0 68.7 -2.675 74.5 149.1 -0.658 170.9 64.0 -0.364 128.2 75.7 -0.291 107.5 95.3 0.393 171.9 99.6
D C 1016.0 -149.9 411.8 358.0 -302.9 1118.1
F 1213.086664 1745.627284 -2.852701
E -0.271934 182.569460 84.262690 0.247221
W C 1032.8 107.2 1865.1 752.9 1613.0 1477.8 968.6 1238.1 506.6 853.0 239.3 1596.8
W E -0.248 98.7 68.4 -2.677 74.3 148.6 -0.658 170.7 63.9 -0.360 127.7 75.4 -0.292 107.5 95.3 0.394 171.5 99.1
D C 985.4 -154.7 381.6 355.0 618.0 1482.2 -325.8 1120.5
F 1172.050456 1730.460846 -2.839342
E -0.247029 179.368207 85.441370 0.254244
W C 1032.9 107.2 1865.0 752.7 1613.7 1477.5 968.1 1238.7 506.6 853.0 239.5 1596.5
W E -0.248 98.7 68.4 -2.678 74.2 148.3 -0.658 170.6 63.8 -0.359 127.3 75.1 -0.292 107.5 95.3 0.395 171.1 98.9
D C 965.4 -154.6 363.7 357.6 -338.5 1125.2
F 1131.907556 1716.289710 -2.834474
E -0.226077 175.726636 85.317209 0.247631
W C 1032.9 107.2 1864.9 752.4 1614.5 1477.1 967.6 1239.6 506.6 852.4 240.1 1596.7
W E -0.248 98.7 68.4 -2.679 74.0 148.0 -0.659 170.4 63.7 -0.357 126.8 74.8 -0.292 107.0 94.5 0.394 170.2 98.4
D C 920.6 -156.1 865.4 667.9 316.4 356.2 -393.2 1128.9
F 1131.747155 1715.909302 -2.834275
E -0.232835 174.564534 83.170693 0.227342
W C 1032.9 107.2 1864.8 752.3 1614.5 1477.0 967.2 1240.3 507.0 852.1 239.9 1596.5
W E -0.248 98.7 68.4 -2.679 74.0 147.9 -0.660 170.2 63.7 -0.356 126.3 74.4 -0.295 106.6 93.7 0.392 169.4 97.9
D C 887.6 -156.1 828.7 664.3 284.4 355.9
F 1089.530184 1702.019487 -2.831419
E -0.211013 171.355745 83.244655 0.241382
W C 1032.9 107.2 1864.8 752.2 1614.6 1476.9 966.7 1241.0 507.3 851.6 239.9 1596.5
W E -0.248 98.7 68.4 -2.679 74.0 147.8 -0.661 170.1 63.6 -0.355 125.9 74.1 -0.296 106.2 93.0 0.391 168.7 97.5
D C 850.6 -157.7 797.1 663.4 250.3 355.9
F 1048.524029 1688.273051 -2.828882
E -0.188758 168.313725 83.371136 0.248357
W C 1032.9 107.2 1864.8 751.9 1615.0 1476.7 966.1 1241.7 507.6 851.2 240.1 1596.6
W E -0.248 98.7 68.4 -2.679 74.0 147.7 -0.661 169.9 63.5 -0.354 125.4 73.8 -0.296 105.8 92.3 0.389 168.0 97.0
D C 818.5 -162.2 765.7 657.4 220.1 357.8
F 1008.734908 1674.380719 -2.822160
E -0.165299 165.383788 83.602935 0.252707
W C 1032.9 107.2 1864.9 751.4 1615.8 1476.5 965.3 1242.4 507.7 850.5 240.7 1597.0
W E -0.248 98.7 68.4 -2.679 73.9 147.7 -0.662 169.8 63.4 -0.354 124.9 73.5 -0.296 105.4 91.7 0.388 167.3 96.5
D C 802.3 -166.7 749.5 655.6 206.9 358.1
F 1008.191362 1674.478086 -2.825475
E -0.171662 164.448014 81.785178 0.231665
W C 1032.9 107.2 1864.8 751.5 1615.7 1476.5 965.1 1242.9 508.1 850.2 240.3 1596.9
W E -0.248 98.7 68.4 -2.679 73.9 147.6 -0.663 169.7 63.4 -0.353 124.5 73.2 -0.295 105.0 91.1 0.387 166.7 96.0
D C 758.5 -167.3 700.8 660.0 156.1 358.9
F 966.855560 1660.842391 -2.824963
E -0.146556 161.748743 82.042465 0.244328
W C 1032.9 107.2 1864.7 751.3 1616.0 1476.3 964.6 1243.4 508.5 849.7 240.3 1597.1
W E -0.248 98.7 68.4 -2.679 73.9 147.6 -0.663 169.6 63.3 -0.353 124.1 73.0 -0.294 104.6 90.5 0.386 166.1 95.6
D C 739.3 -167.8 679.8 660.2 139.5 359.2
F 924.942944 1647.210846 -2.825501
E -0.120729 159.191429 82.422464 0.251353
W C 1032.9 107.2 1864.7 751.1 1616.2 1476.2 964.1 1243.9 508.8 849.2 240.3 1597.4
W E -0.248 98.7 68.4 -2.679 73.9 147.5 -0.664 169.5 63.3 -0.354 123.7 72.7 -0.292 104.2 89.9 0.386 165.5 95.1
D C 693.8 -171.0 631.8 664.6 94.7 360.3
F 883.981559 1633.806970 -2.824244
E -0.094582 156.808254 82.860244 0.254660
W C 1032.9 107.2 1864.7 750.9 1616.6 1476.1 963.5 1244.3 509.2 848.8 240.2 1597.6
W E -0.248 98.7 68.4 -2.678 73.9 147.5 -0.664 169.4 63.2 -0.355 123.3 72.4 -0.289 103.8 89.4 0.385 164.9 94.5
D C 666.3 -170.7 595.6 658.1 63.8 362.6
F 844.315926 1620.496023 -2.817733
E -0.067516 154.576740 83.364876 0.256688
W C 1032.9 107.2 1864.7 750.5 1617.3 1476.0 962.8 1244.6 509.5 848.4 240.6 1598.1
W E -0.248 98.7 68.4 -2.678 73.9 147.4 -0.665 169.3 63.2 -0.356 123.0 72.1 -0.286 103.4 88.9 0.384 164.4 94.0
D C 648.8 -174.7 583.1 656.4 47.9 363.1
F 844.056151 1620.760490 -2.821671
E -0.074013 153.833252 81.400703 0.234823
W C 1032.9 107.2 1864.6 750.5 1617.2 1475.9 962.7 1244.9 509.8 848.1 240.0 1598.1
W E -0.248 98.7 68.4 -2.678 73.9 147.4 -0.665 169.2 63.2 -0.357 122.6 71.9 -0.282 103.0 88.3 0.383 163.9 93.5
D C 603.7 -176.6 536.2 654.4 -0.3 365.0
F 802.235826 1606.806984 -2.808839
E -0.045485 151.789393 81.914254 0.246782
W C 1032.9 107.2 1864.6 750.4 1617.3 1475.9 962.4 1245.3 510.2 847.8 239.6 1598.2
W E -0.248 98.7 68.4 -2.678 73.9 147.4 -0.665 169.1 63.1 -0.358 122.3 71.6 -0.279 102.7 87.8 0.383 163.5 93.0
D C 570.1 -174.4 500.0 654.1 -32.9 366.1
F 760.910465 1591.503974 -2.743102
E -0.016220 149.789973 82.558166 0.261109
W C 1032.9 107.2 1864.5 750.1 1617.6 1475.7 962.1 1245.9 510.7 847.6 239.0 1597.9
W E -0.248 98.7 68.4 -2.678 73.9 147.3 -0.666 169.0 63.1 -0.360 122.1 71.3 -0.274 102.3 87.3 0.382 163.0 92.4
D C 540.6 -176.3 467.2 651.6 -64.7 364.7
F 722.618755 1573.790948 -2.633333
E 0.012585 147.740215 83.262850 0.280840
W C 1032.9 107.2 1864.5 749.8 1618.0 1475.4 961.6 1246.6 511.2 847.4 238.4 1597.5
W E -0.248 98.7 68.4 -2.678 73.8 147.3 -0.666 168.9 63.0 -0.361 121.8 71.0 -0.269 101.9 86.8 0.382 162.6 91.9
D C 495.0 -211.8 473.4 623.2 -72.1 366.8
F 721.941426 1576.290351 -2.657025
E 0.005738 147.157259 81.279431 0.251427
W C 1032.9 107.2 1864.5 749.7 1618.0 1475.3 961.4 1247.0 511.7 847.1 237.8 1597.4
W E -0.248 98.7 68.4 -2.678 73.8 147.2 -0.666 168.8 63.0 -0.362 121.6 70.7 -0.265 101.5 86.3 0.381 162.3 91.3
D C 467.3 -233.0 477.6 609.1 -77.0 367.7
F 686.064608 1551.119342 -2.517363
E 0.038407 144.876867 81.287930 0.269614
W C 1033.4 107.5 1864.4 749.2 1618.3 1474.8 961.1 1247.2 511.9 846.9 237.4 1597.8
W E -0.243 98.2 68.2 -2.678 73.8 147.1 -0.666 168.7 63.0 -0.363 121.3 70.3 -0.256 101.0 85.9 0.379 161.9 90.5
D C 384.1 -301.2 513.5 530.3 421.7 1394.0 -68.8 368.2
F 655.861121 1523.016445 -2.395212
E 0.064110 142.255480 81.079912 0.267651
W C 1033.6 107.8 1864.5 748.8 1618.5 1474.5 961.0 1247.4 512.2 846.5 236.9 1597.8
W E -0.237 97.7 68.0 -2.678 73.8 147.0 -0.666 168.5 63.0 -0.363 121.0 69.9 -0.248 100.4 85.4 0.378 161.5 89.6
D C 292.0 -357.5 542.5 445.9 577.0 1315.3 -59.0 372.3
F 628.857747 1494.944072 -2.305748
E 0.086066 139.351543 80.882986 0.263957
W C 1033.6 108.2 1864.5 748.3 1619.0 1474.0 960.9 1247.5 512.5 846.2 236.4 1597.7
W E -0.232 97.2 67.8 -2.678 73.8 146.9 -0.666 168.4 62.9 -0.363 120.7 69.5 -0.239 99.9 84.9 0.376 161.1 88.8
D C 255.9 -377.3 547.0 414.2 621.5 1275.8 -54.4 372.7
F 628.685328 1493.946145 -2.304456
E 0.079878 138.749277 79.363062 0.240074
W C 1033.7 108.2 1864.4 748.4 1618.9 1474.0 960.8 1247.9 512.8 845.8 235.8 1597.8
W E -0.232 97.2 67.8 -2.678 73.8 146.8 -0.667 168.3 62.9 -0.363 120.5 69.2 -0.235 99.5 84.5 0.375 160.8 88.3
D C 187.9 -402.9 556.5 357.8 -47.5 373.2
F 606.534631 1459.417478 -2.176014
E 0.101503 135.741652 79.423995 0.254155
W C 1033.5 108.6 1864.5 748.0 1619.2 1473.7 960.9 1247.9 513.2 845.3 235.4 1597.7
W E -0.226 96.7 67.6 -2.677 73.8 146.7 -0.667 168.2 62.9 -0.363 120.2 68.8 -0.227 98.9 84.0 0.373 160.4 87.5
D C 120.7 -424.8 560.1 299.9 791.8 1126.0 -41.8 374.4
F 588.583296 1423.845800 -2.063450
E 0.118162 132.537308 79.506166 0.258062
W C 1033.3 109.0 1864.6 747.6 1619.5 1473.3 961.0 1248.0 513.5 844.8 234.8 1597.4
W E -0.221 96.2 67.5 -2.677 73.8 146.6 -0.667 168.0 62.9 -0.363 120.0 68.3 -0.220 98.4 83.6 0.371 160.1 86.8
D C 45.3 -442.5 558.3 237.8 874.6 1034.6 -34.7 373.1
F 574.165953 1388.182138 -1.957835
E 0.126740 129.262604 80.414721 0.274785
W C 1032.8 109.0 1864.6 747.4 1619.8 1473.3 961.2 1248.4 514.1 844.3 233.4 1596.8
W E -0.221 96.2 67.5 -2.677 73.8 146.6 -0.667 168.0 62.8 -0.363 119.8 68.0 -0.217 98.0 83.2 0.371 159.8 86.4
D C 8.6 -446.6 556.9 207.5 -31.4 374.2
F 565.216792 1354.631824 -1.837265
E 0.138118 126.031205 80.343485 0.260650
W C 1032.9 109.3 1864.6 747.2 1620.3 1473.0 961.4 1248.3 514.1 844.0 232.8 1596.9
W E -0.217 95.7 67.3 -2.680 73.5 146.2 -0.667 167.8 62.8 -0.362 119.5 67.5 -0.210 97.3 82.8 0.369 159.4 85.7
D C -104.3 -453.2 534.5 120.4 998.4 846.7 194.9 1410.6 -21.0 374.8
F 567.720859 1352.829644 -1.823505
E 0.141075 125.101985 78.573135 0.220947
W C 1032.7 109.7 1864.5 746.8 1620.1 1472.6 961.8 1249.0 514.8 843.5 232.1 1596.2
W E -0.212 95.3 67.1 -2.682 73.3 145.8 -0.667 167.5 62.7 -0.360 119.2 67.0 -0.204 96.6 82.4 0.367 158.9 85.1
D C -178.0 -446.0 512.5 55.6 1055.3 725.2 322.9 1383.0 -9.3 369.3 -318.6 961.9
F 567.747408 1315.303580 -1.645879
E 0.150698 121.744225 79.156409 0.244485
W C 1032.6 110.0 1864.4 746.6 1619.8 1472.4 962.0 1249.4 515.0 843.0 232.6 1595.9
W E -0.208 94.8 67.0 -2.685 73.1 145.4 -0.667 167.2 62.5 -0.358 118.9 66.5 -0.198 96.0 82.1 0.365 158.7 84.6
D C 488.7 -19.1 1115.7 575.6 473.2 1325.7 13.1 361.8 -220.7 993.5
F 572.121912 1278.780242 -1.488730
E 0.148877 118.401957 79.410015 0.259161
W C 1032.7 110.3 1864.3 746.3 1620.1 1472.1 961.8 1249.8 515.2 842.5 233.0 1596.0
W E -0.204 94.4 66.8 -2.687 72.9 145.1 -0.667 167.0 62.5 -0.356 118.7 66.1 -0.191 95.3 81.7 0.364 158.5 84.2
D C 456.0 -83.1 1153.1 425.6 612.4 1247.4 33.3 351.8
F 583.781866 1243.198500 -1.315266
E 0.129952 115.232109 79.865136 0.276896
W C 1032.7 110.3 1864.0 746.4 1620.2 1472.0 961.6 1250.5 515.3 842.1 233.1 1595.8
W E -0.204 94.3 66.8 -2.690 72.7 144.8 -0.667 167.0 62.5 -0.354 118.5 65.7 -0.188 94.8 81.4 0.363 158.4 84.0
D C 388.3 -177.5 791.3 1096.5 58.8 334.4
F 586.001617 1241.800355 -1.303526
E 0.140670 114.625420 78.524379 0.240487
W C 1032.5 110.6 1863.9 746.0 1620.6 1471.7 961.8 1251.1 515.2 841.7 233.4 1595.0
W E -0.200 93.9 66.7 -2.692 72.4 144.4 -0.667 166.9 62.5 -0.352 118.3 65.2 -0.179 94.1 81.1 0.362 158.3 83.7
D C 361.4 -204.4 1167.8 112.3 848.8 1048.9 66.9 327.2
F 605.084262 1207.488148 -1.118875
E 0.110230 111.483960 78.203043 0.261429
W C 1032.6 110.9 1863.8 745.6 1621.0 1471.3 961.8 1251.6 515.1 841.4 233.8 1594.6
W E -0.196 93.5 66.5 -2.694 72.2 144.1 -0.667 166.8 62.5 -0.349 118.0 64.8 -0.167 93.4 80.7 0.361 158.1 83.4
D C 299.1 -257.6 1139.5 -48.1 958.3 919.4 80.4 309.7
F 627.476830 1177.456667 -0.959906
E 0.071086 108.892828 77.305472 0.266365
W C 1032.7 111.2 1863.8 745.2 1621.4 1471.0 961.7 1252.0 515.0 841.0 234.3 1594.5
W E -0.193 93.0 66.4 -2.696 72.0 143.8 -0.667 166.7 62.5 -0.345 117.8 64.4 -0.150 92.7 80.4 0.360 158.0 83.1
D C 230.0 -296.1 1093.5 -195.8 1039.4 787.0 91.0 291.0
F 652.687726 1151.516194 -0.816243
E 0.030353 106.832186 76.043603 0.266004
W C 1032.8 111.5 1863.8 744.7 1621.7 1470.7 961.4 1252.4 515.0 840.4 234.7 1594.6
W E -0.189 92.6 66.2 -2.698 71.8 143.5 -0.667 166.6 62.5 -0.341 117.5 64.0 -0.129 92.0 80.0 0.359 157.9 82.8
D C 160.0 -329.9 1025.6 -345.0 1108.0 642.3 100.3 272.9
F 679.612262 1126.521923 -0.739442
E -0.005427 104.938743 74.482038 0.256460
W C 1032.9 111.7 1863.8 744.5 1621.8 1470.6 961.2 1252.5 515.2 839.5 235.1 1595.6
W E -0.186 92.2 66.1 -2.699 71.6 143.2 -0.667 166.5 62.4 -0.337 117.2 63.6 -0.104 91.4 79.6 0.358 157.8 82.6
D C 126.2 -345.2 988.0 -411.9 1127.3 564.2 103.5 264.0
F 683.357533 1126.981493 -0.710315
E 0.005499 104.182185 73.281186 0.226857
W C 1033.0 111.9 1863.9 744.0 1622.1 1470.4 961.0 1253.0 515.2 839.3 235.4 1595.2
W E -0.183 91.8 65.9 -2.701 71.4 142.9 -0.667 166.5 62.4 -0.333 116.9 63.3 -0.081 90.8 79.2 0.357 157.7 82.3
D C 21.0 -374.4 861.3 -590.0 1181.2 351.4 111.6 238.2
F 722.097993 1100.415776 -0.663770
E -0.035692 102.284262 71.937914 0.233960
W C 1033.0 112.0 1864.0 743.6 1622.1 1470.3 961.0 1253.3 515.4 839.3 235.2 1594.9
W E -0.180 91.4 65.8 -2.703 71.2 142.7 -0.667 166.4 62.4 -0.328 116.5 62.9 -0.055 90.3 78.7 0.356 157.6 82.1
D C -50.1 -379.6 773.3 -670.2 1165.1 240.1 99.6 227.0
F 761.999927 1078.364547 -0.605128
E -0.075832 100.601837 70.772590 0.229722
W C 1033.2 112.3 1864.0 743.2 1622.4 1469.0 960.5 1254.2 516.2 838.8 235.0 1595.0
W E -0.178 91.0 65.6 -2.704 71.0 142.4 -0.667 166.1 62.2 -0.322 116.1 62.6 -0.030 89.8 78.1 0.356 157.5 82.0
D C -106.3 -380.6 702.3 -697.0 1136.0 194.4 558.8 694.9 69.4 222.0
F 801.802758 1058.278088 -0.559990
E -0.119206 99.394977 70.224966 0.233377
W C 1033.2 112.6 1863.9 742.9 1622.5 1468.1 960.1 1254.9 517.2 838.0 234.7 1595.2
W E -0.176 90.6 65.5 -2.705 70.7 142.1 -0.667 165.8 62.1 -0.317 115.6 62.3 -0.015 89.5 78.0 0.355 157.5 81.9
D C 638.2 -720.6 1103.8 147.3 549.8 679.4 42.0 219.2
F 805.708478 1059.253867 -0.543736
E -0.122131 98.744363 69.252930 0.211405
W C 1033.1 112.9 1863.6 742.6 1622.1 1467.7 958.4 1256.7 519.2 836.9 234.5 1594.7
W E -0.174 90.3 65.4 -2.707 70.5 141.9 -0.667 165.5 61.9 -0.313 115.1 62.0 -0.003 89.2 77.9 0.355 157.4 81.8
D C 583.9 -723.9 1056.0 144.2 505.9 678.8 -5.6 223.2
F 847.404676 1037.914212 -0.524119
E -0.171230 97.821920 68.810439 0.226208
W C 1033.3 113.2 1863.4 742.3 1622.0 1467.1 957.5 1257.6 520.3 836.4 234.5 1594.7
W E -0.173 90.0 65.2 -2.708 70.3 141.6 -0.667 165.3 61.8 -0.309 114.6 61.9 0.007 89.0 77.8 0.355 157.4 81.7
D C 568.0 -722.2 1029.5 143.8 487.8 675.9 -21.7 225.9
F 888.107195 1017.818030 -0.502834
E -0.220241 97.310787 68.750234 0.236415
W C 1033.6 113.4 1863.3 742.0 1621.9 1466.7 957.1 1258.1 520.7 836.2 234.5 1594.7
W E -0.172 89.6 65.1 -2.709 70.1 141.4 -0.667 165.0 61.6 -0.307 114.5 61.8 0.014 88.9 77.7 0.355 157.4 81.6
D C 539.2 -725.9 994.3 145.1 452.1 682.3
F 928.661927 998.285864 -0.488494
E -0.270008 96.959464 68.915851 0.241575
W C 1034.0 113.6 1863.3 741.6 1622.0 1466.1 956.9 1258.4 520.9 836.1 234.5 1594.9
W E -0.171 89.3 64.9 -2.710 69.9 141.1 -0.667 164.7 61.5 -0.306 114.4 61.7 0.020 88.8 77.6 0.355 157.4 81.5
D C 502.1 -721.1 959.5 143.1 423.8 679.6
F 929.899997 999.192518 -0.480091
E -0.277341 96.573205 67.777006 0.219589
W C 1034.2 113.8 1863.0 741.4 1621.7 1466.0 956.9 1258.5 521.3 835.9 234.6 1594.8
W E -0.170 89.0 64.8 -2.711 69.7 140.9 -0.667 164.4 61.3 -0.305 114.3 61.6 0.025 88.7 77.6 0.355 157.4 81.5
D C 472.7 -720.6 927.4 144.1 389.9 684.6
F 970.137487 979.812619 -0.471301
E -0.327969 96.423385 67.880246 0.232530
W C 1034.6 114.1 1862.8 741.1 1621.6 1465.7 956.9 1258.6 521.5 835.8 234.7 1594.9
W E -0.170 88.7 64.7 -2.712 69.5 140.7 -0.666 164.2 61.2 -0.304 114.3 61.5 0.030 88.6 77.5 0.355 157.4 81.4
D C 439.7 -722.3 894.6 141.8 365.5 685.0
F 1010.628174 960.474280 -0.463048
E -0.379701 96.425168 68.227505 0.239826
W C 1035.0 114.2 1862.7 740.8 1621.6 1465.4 956.9 1258.7 521.5 835.9 234.8 1595.0
W E -0.170 88.4 64.5 -2.713 69.3 140.4 -0.666 163.9 61.0 -0.303 114.2 61.5 0.034 88.5 77.5 0.355 157.4 81.4
D C 408.0 -724.1 862.3 144.8 327.5 688.2
F 1051.055294 940.966418 -0.461444
E -0.432477 96.562303 68.745499 0.243503
W C 1035.4 114.4 1862.6 740.5 1621.6 1465.1 956.9 1258.7 521.5 835.9 234.9 1595.1
W E -0.170 88.0 64.4 -2.713 69.1 140.2 -0.666 163.7 60.9 -0.302 114.1 61.4 0.038 88.4 77.4 0.354 157.3 81.3
D C 363.4 -720.5 813.0 149.4 278.9 692.8
F 1091.000370 922.040668 -0.455442
E -0.486723 96.833207 69.380136 0.245345
W C 1036.1 114.5 1862.6 740.0 1621.9 1464.5 956.7 1258.9 521.2 836.1 234.9 1595.3
W E -0.171 87.7 64.3 -2.714 68.9 139.9 -0.666 163.4 60.8 -0.302 114.1 61.3 0.042 88.4 77.4 0.354 157.3 81.2
D C 347.9 -722.6 793.1 145.8 265.8 690.5
F 1130.695225 903.222180 -0.454076
E -0.542314 97.244468 70.089077 0.246292
W C 1037.0 114.5 1862.6 739.4 1622.3 1463.9 956.4 1259.1 520.9 836.3 235.0 1595.6
W E -0.171 87.4 64.2 -2.714 68.7 139.7 -0.665 163.1 60.6 -0.301 114.0 61.3 0.046 88.3 77.4 0.354 157.3 81.2
D C 313.2 -723.1 758.5 146.6 233.0 692.6
F 1131.130963 903.455116 -0.452842
E -0.540363 96.894017 68.465626 0.222986
W C 1037.3 114.7 1862.4 739.2 1622.1 1463.8 956.5 1259.1 521.0 836.3 235.1 1595.7
W E -0.172 87.1 64.0 -2.715 68.5 139.5 -0.665 162.9 60.5 -0.300 114.0 61.2 0.049 88.2 77.3 0.354 157.3 81.1
D C 264.4 -723.1 708.3 143.7 184.1 692.2
F 1171.416297 884.265755 -0.451464
E -0.594889 97.473931 69.112952 0.235476
W C 1038.0 114.8 1862.3 738.7 1622.3 1463.4 956.4 1259.2 520.8 836.4 235.2 1595.9
W E -0.173 86.8 63.9 -2.715 68.3 139.3 -0.665 162.6 60.4 -0.300 113.9 61.2 0.053 88.2 77.3 0.354 157.3 81.1
D C 249.0 -721.9 691.2 144.6 166.4 693.4
F 1211.452050 865.199899 -0.450459
E -0.650135 98.181793 69.879296 0.241696
W C 1038.6 114.9 1862.2 738.3 1622.4 1463.1 956.3 1259.2 520.7 836.5 235.2 1596.1
W E -0.174 86.5 63.8 -2.716 68.1 139.0 -0.664 162.4 60.2 -0.299 113.9 61.1 0.056 88.1 77.2 0.354 157.3 81.0
D C 200.8 -723.4 644.3 145.2 118.3 697.5
F 1252.175890 847.061234 -0.441016
E -0.705247 99.192915 71.378815 0.254869
W C 1038.7 114.9 1862.3 738.0 1622.6 1462.9 956.2 1259.3 520.6 836.6 235.2 1596.1
W E -0.175 86.4 63.8 -2.716 68.0 138.9 -0.664 162.2 60.1 -0.299 113.9 61.1 0.057 88.1 77.2 0.354 157.3 81.0
D C 625.4 147.0 103.3 700.2
F 1251.890456 847.068212 -0.442584
E -0.698602 98.802095 69.637292 0.229213
W C 1039.3 115.0 1862.1 737.7 1622.7 1462.6 956.2 1259.4 520.5 836.7 235.3 1596.3
W E -0.176 86.1 63.7 -2.717 67.8 138.7 -0.664 162.0 60.0 -0.298 113.9 61.1 0.060 88.1 77.2 0.354 157.3 81.0
D C 153.4 -722.0 592.6 145.0 75.1 701.7
F 1292.993498 828.403237 -0.433055
E -0.751972 99.983648 71.069440 0.248018
W C 1039.4 115.0 1862.1 737.6 1622.5 1462.6 956.2 1259.4 520.5 836.7 235.3 1596.3
W E -0.177 86.0 63.7 -2.717 67.7 138.5 -0.664 161.8 59.9 -0.298 113.8 61.1 0.061 88.0 77.2 0.354 157.3 81.0
D C 548.2 148.5 25.4 704.5
F 1332.303861 812.087452 -0.322589
E -2.369969 72.111236 101.864110 0.270238
W C 1040.7 114.8 1861.8 737.2 1622.6 1462.2 955.8 1259.8 520.1 837.1 235.4 1596.8
W E -0.179 85.7 63.5 -2.717 67.5 138.3 -0.664 161.6 59.8 -0.298 113.8 61.0 0.064 88.0 77.2 0.354 157.3 80.9
D C 94.8 -727.4 530.3 145.4 6.0 704.9
F 1368.064481 802.182314 -0.165303
E -2.388809 73.405477 104.537992 0.302842
W C 1041.9 114.6 1861.5 736.9 1622.7 1461.7 955.5 1260.2 519.8 837.4 235.4 1597.3
W E -0.180 85.4 63.4 -2.717 67.3 138.1 -0.663 161.4 59.6 -0.297 113.8 61.0 0.066 87.9 77.1 0.354 157.3 80.9
D C -17.4 -730.3 501.2 85.8 46.7 697.9
F 1395.967387 795.568426 -0.070776
E -2.404708 74.029115 106.464205 0.299058
W C 1043.2 114.3 1861.3 736.5 1622.8 1461.3 955.1 1260.7 519.3 837.9 235.4 1597.9
W E -0.182 85.1 63.3 -2.717 67.1 137.8 -0.663 161.2 59.5 -0.297 113.7 60.9 0.069 87.9 77.1 0.354 157.3 80.9
D C -69.5 -734.5 488.2 51.5 80.8 694.3
F 1394.839308 795.364400 -0.083094
E -2.398514 72.562272 105.901197 0.258312
W C 1044.2 114.2 1861.0 736.1 1622.8 1461.2 954.8 1260.9 519.0 838.1 235.3 1598.2
W E -0.184 84.8 63.2 -2.717 66.9 137.6 -0.663 161.0 59.4 -0.296 113.7 60.9 0.071 87.9 77.1 0.354 157.2 80.8
D C -201.2 -720.6 470.1 -31.4 163.9 665.1
F 1426.499109 800.662540 0.109770
E -2.410609 73.450238 107.913877 0.285584
W C 1045.2 114.1 1860.9 735.7 1622.8 1461.0 954.5 1261.2 518.7 838.3 235.2 1598.4
W E -0.186 84.5 63.1 -2.717 66.7 137.4 -0.663 160.8 59.3 -0.296 113.6 60.9 0.073 87.8 77.1 0.354 157.2 80.8
D C -325.3 -689.0 438.1 -100.9 236.4 637.5
F 1456.854751 811.564513 0.307174
E -2.422276 74.656486 110.081956 0.307415
W C 1044.7 114.2 1861.2 735.8 1622.7 1460.9 954.6 1261.1 518.8 838.3 235.3 1598.4
W E -0.187 84.4 63.1 -2.718 66.6 137.3 -0.662 160.6 59.2 -0.295 113.6 60.9 0.074 87.8 77.1 0.354 157.2 80.8
D C 394.8 -176.1 312.9 586.5
F 1484.368882 829.744082 0.521355
E -2.434038 75.731583 112.409583 0.318361
W C 1044.5 114.2 1861.5 735.7 1622.6 1460.9 954.6 1261.1 518.8 838.3 235.3 1598.4
W E -0.188 84.3 63.1 -2.718 66.5 137.2 -0.662 160.5 59.1 -0.295 113.6 60.8 0.074 87.8 77.1 0.354 157.2 80.8
D C 305.4 -271.4 408.1 491.9
F 1484.316729 831.033741 0.531829
E -2.429572 74.626399 111.999175 0.281411
W C 1044.7 114.2 1861.5 735.6 1622.4 1460.9 954.6 1261.2 518.8 838.3 235.3 1598.5
W E -0.189 84.2 63.1 -2.719 66.4 137.1 -0.662 160.4 59.0 -0.295 113.6 60.8 0.075 87.8 77.0 0.354 157.2 80.8
D C 272.6 -298.5 432.8 455.2
F 1507.071777 856.130550 0.754237
E -2.442733 75.531647 114.280594 0.295389
W C 1044.5 114.3 1861.8 735.5 1622.3 1460.9 954.6 1261.0 518.8 838.4 235.4 1598.5
W E -0.190 84.2 63.1 -2.719 66.3 136.9 -0.662 160.2 58.9 -0.295 113.6 60.8 0.075 87.8 77.0 0.354 157.2 80.8
D C 197.6 -343.3 477.5 375.6 -139.4 637.0
F 1524.096854 882.489101 0.940397
E -2.452363 75.712900 116.651179 0.296618
W C 1044.3 114.4 1862.1 735.5 1622.3 1460.8 954.7 1260.8 518.7 838.4 235.4 1598.6
W E -0.192 84.1 63.0 -2.720 66.1 136.8 -0.662 160.1 58.8 -0.295 113.5 60.7 0.076 87.7 77.0 0.353 157.2 80.8
D C 121.6 -374.7 509.4 295.3 -59.8 642.2
F 1536.383039 910.047681 1.108371
E -2.456009 75.505431 119.079932 0.296670
W C 1043.9 114.4 1862.7 735.4 1622.3 1460.8 954.9 1260.5 518.5 838.5 235.4 1598.6
W E -0.193 84.0 63.0 -2.720 66.0 136.7 -0.662 159.9 58.7 -0.295 113.4 60.6 0.077 87.7 77.0 0.353 157.2 80.8
D C 44.4 -397.5 526.6 212.9 9.4 643.2
F 1541.805458 940.190003 1.296937
E -2.453379 75.008289 121.409400 0.294718
W C 1043.5 114.4 1863.2 735.5 1622.3 1460.7 955.0 1260.4 518.3 838.6 235.4 1598.6
W E -0.193 84.0 63.0 -2.720 65.9 136.6 -0.662 159.8 58.6 -0.295 113.4 60.5 0.077 87.7 77.0 0.353 157.2 80.7
D C -79.6 -408.3 527.6 77.0 122.2 616.6
F 1540.052463 940.403420 1.309045
E -2.457062 73.411658 120.786113 0.247897
W C 1043.3 114.4 1863.6 735.6 1622.1 1460.7 955.1 1260.1 518.0 839.1 235.4 1598.5
W E -0.194 83.9 63.0 -2.721 65.7 136.5 -0.663 159.6 58.5 -0.295 113.3 60.4 0.076 87.5 76.9 0.353 157.2 80.7
D C -117.1 -404.9 518.4 38.6 154.2 601.9 -301.8 992.1
F 1537.135172 973.752225 1.544795
E -2.455914 73.448791 123.142771 0.278562
W C 1043.2 114.3 1863.6 735.8 1622.0 1460.7 955.3 1259.8 517.9 839.3 235.4 1598.5
W E -0.194 83.9 63.0 -2.721 65.7 136.5 -0.663 159.5 58.4 -0.295 113.3 60.3 0.074 87.4 76.8 0.353 157.1 80.7
D C 484.2 -80.6 250.5 552.4 -114.8 1028.0
F 1530.939091 1005.620657 1.730496
E -2.445006 72.957396 125.245665 0.289845
W C 1043.3 114.4 1863.5 735.7 1621.7 1461.1 955.5 1259.7 517.9 839.3 235.4 1598.5
W E -0.194 83.9 63.0 -2.721 65.7 136.5 -0.663 159.3 58.3 -0.295 113.2 60.2 0.071 87.2 76.6 0.353 157.1 80.7
D C 463.7 -129.5 284.9 522.4 -45.0 1028.0
F 1520.119631 1047.379807 1.796650
E -2.412884 72.030700 127.219087 0.271783
W C 1043.3 114.3 1863.6 735.6 1621.3 1461.4 955.6 1259.6 518.0 839.5 235.3 1598.4
W E -0.194 83.9 63.0 -2.721 65.7 136.4 -0.664 159.2 58.2 -0.295 113.1 60.1 0.069 87.1 76.5 0.353 157.1 80.7
D C 417.6 -200.3 332.5 472.9 77.4 1016.9
F 1514.658436 1047.371623 1.841215
E -2.418391 71.278368 126.671412 0.242171
W C 1043.2 114.3 1863.6 735.8 1621.5 1461.4 955.7 1259.3 517.8 839.7 235.3 1598.4
W E -0.194 83.9 63.0 -2.721 65.7 136.4 -0.664 159.0 58.1 -0.296 113.1 60.0 0.066 86.9 76.4 0.353 157.0 80.7
D C 340.7 -282.7 370.5 402.0 195.8 988.2
F 1498.024041 1089.229708 1.881357
E -2.383955 70.404227 128.451065 0.246724
W C 1043.1 114.2 1863.7 735.8 1621.4 1461.5 955.9 1259.2 517.8 839.8 235.3 1598.3
W E -0.194 83.9 63.0 -2.721 65.6 136.4 -0.664 158.9 58.0 -0.296 113.0 59.9 0.063 86.8 76.3 0.353 157.0 80.7
D C 319.3 -281.9 353.5 402.9 185.7 984.8
F 1476.503214 1130.359897 1.942083
E -0.779627 129.988550 69.742845 0.239797
W C 1043.1 114.2 1863.8 736.1 1620.9 1461.7 955.9 1259.0 517.7 839.8 236.3 1599.1
W E -0.194 83.9 63.0 -2.721 65.6 136.3 -0.664 158.7 57.9 -0.296 113.0 59.7 0.060 86.6 76.2 0.353 156.8 80.5
D C 240.6 -305.9 991.3 835.3 327.0 374.9 198.7 971.5
F 1454.990371 1169.846358 1.985779
E -0.744474 131.368453 69.274600 0.236648
W C 1043.1 114.1 1864.0 735.9 1620.3 1462.1 956.1 1258.9 517.7 839.8 236.7 1599.5
W E -0.194 83.9 63.0 -2.721 65.6 136.3 -0.665 158.5 57.8 -0.296 112.9 59.6 0.057 86.5 76.0 0.354 156.5 80.4
D C 214.0 -309.4 977.9 824.1 314.1 371.6 186.3 971.4
F 1434.180607 1207.399980 2.015143
E -0.708603 132.617474 68.954325 0.234669
W C 1043.2 114.0 1864.2 735.5 1619.6 1462.6 956.3 1258.9 517.8 839.8 237.0 1599.8
W E -0.194 83.8 63.0 -2.721 65.6 136.2 -0.665 158.3 57.7 -0.295 112.8 59.5 0.054 86.4 75.9 0.355 156.3 80.2
D C 178.8 -306.2 951.2 821.8 285.9 373.9 158.4 970.3
F 1431.675805 1207.659763 2.028681
E -0.710555 131.855211 67.920269 0.211300
W C 1043.2 114.1 1864.1 735.9 1619.5 1462.7 956.3 1258.6 517.6 839.8 237.4 1600.0
W E -0.194 83.8 63.0 -2.720 65.6 136.2 -0.665 158.1 57.7 -0.295 112.8 59.3 0.051 86.2 75.8 0.356 156.1 80.1
D C 128.9 -302.7 907.0 823.3 235.7 375.3 107.0 971.2
F 1410.541187 1246.569844 2.040828
E -0.673320 133.189272 67.612483 0.224340
W C 1043.2 114.0 1864.2 735.7 1619.1 1463.1 956.5 1258.5 517.6 839.9 237.7 1600.1
W E -0.194 83.8 63.0 -2.720 65.6 136.1 -0.665 157.9 57.6 -0.295 112.7 59.2 0.049 86.1 75.6 0.356 155.8 79.9
D C 113.7 -302.3 890.0 822.9 222.3 376.8 94.9 971.5
F 1389.045435 1285.445041 2.049835
E -0.634863 134.635356 67.489827 0.231096
W C 1043.1 113.9 1864.2 735.5 1618.8 1463.6 956.6 1258.3 517.6 839.9 238.1 1600.2
W E -0.194 83.8 63.0 -2.720 65.6 136.1 -0.664 157.7 57.5 -0.295 112.7 59.0 0.046 86.0 75.5 0.357 155.6 79.8
D C 66.0 -310.7 840.0 820.9 174.6 375.8 44.1 974.0
F 1367.863378 1322.995499 2.056198
E -0.595899 136.239736 67.487129 0.234798
W C 1043.1 113.8 1864.3 735.1 1618.5 1464.3 956.8 1258.1 517.6 839.9 238.4 1600.3
W E -0.194 83.8 62.9 -2.720 65.5 136.0 -0.664 157.6 57.3 -0.294 112.6 58.9 0.044 85.9 75.4 0.358 155.4 79.6
D C 33.1 -313.4 805.3 821.5 142.7 377.7 11.2 970.1
F 1346.938597 1358.626886 2.061756
E -0.556671 138.088680 67.597483 0.237958
W C 1042.9 113.6 1864.4 734.1 1618.5 1465.5 957.0 1257.9 517.7 839.9 238.7 1600.2
W E -0.194 83.8 62.9 -2.720 65.5 136.0 -0.664 157.4 57.2 -0.293 112.5 58.7 0.041 85.7 75.2 0.358 155.2 79.5
D C 19.5 -314.1 787.0 817.8 126.4 379.8 -3.7 969.8
F 1346.128623 1358.644168 2.062173
E -0.556488 137.452415 66.219612 0.215335
W C 1042.9 113.6 1864.3 734.2 1618.2 1466.0 957.1 1257.6 517.6 839.9 239.0 1600.3
W E -0.194 83.8 62.9 -2.719 65.5 135.9 -0.664 157.3 57.1 -0.293 112.5 58.5 0.039 85.6 75.1 0.359 155.0 79.4
D C -32.5 -322.0 739.6 817.2 75.5 375.2 -57.4 971.4
F 1322.564697 1395.366517 2.129530
E -0.519686 139.506263 66.441023 0.237113
W C 1042.7 113.5 1864.3 733.8 1618.2 1467.0 957.3 1257.2 517.5 839.8 239.3 1600.2
W E -0.194 83.8 62.9 -2.719 65.5 135.9 -0.664 157.2 56.9 -0.292 112.4 58.4 0.036 85.5 75.0 0.359 154.8 79.2
D C -47.5 -322.1 722.7 813.6 62.7 376.4 -69.6 973.6
F 1296.704202 1430.120829 2.199190
E -0.480741 141.576049 67.192544 0.257197
W C 1042.5 113.4 1864.2 733.4 1618.3 1468.0 957.5 1256.7 517.2 839.8 239.5 1600.1
W E -0.194 83.8 62.9 -2.719 65.5 135.8 -0.663 157.1 56.8 -0.291 112.3 58.3 0.036 85.5 74.9 0.360 154.6 79.1
D C -112.3 -327.2 725.8 768.1 37.2 368.9
F 1267.161225 1464.338400 2.284993
E -0.441424 143.841205 68.493617 0.276932
W C 1042.5 113.4 1864.1 733.5 1618.2 1468.0 957.6 1256.7 517.2 839.9 239.6 1599.9
W E -0.194 83.8 62.9 -2.719 65.5 135.8 -0.663 157.0 56.8 -0.291 112.3 58.2 0.037 85.5 74.9 0.360 154.5 79.0
D C 737.4 716.2 29.7 360.8
F 1266.568487 1464.929324 2.281893
E -0.444797 143.469072 67.586563 0.256635
W C 1042.4 113.5 1864.1 733.8 1617.8 1468.3 957.8 1256.5 517.0 839.9 240.0 1600.0
W E -0.194 83.8 62.9 -2.719 65.5 135.8 -0.663 156.9 56.8 -0.290 112.2 58.1 0.037 85.5 74.9 0.361 154.4 78.9
D C 749.0 659.2 21.4 352.5
F 1233.686540 1496.051731 2.370747
E -0.404555 145.559671 68.838687 0.277559
W C 1042.4 113.5 1864.0 733.9 1617.5 1468.5 958.0 1256.4 516.9 839.9 240.2 1600.0
W E -0.194 83.8 62.9 -2.719 65.5 135.8 -0.663 156.8 56.8 -0.290 112.1 58.0 0.037 85.5 74.9 0.361 154.2 78.8
D C 758.7 612.0 13.7 349.5
F 1198.989379 1524.659720 2.454853
E -0.362019 147.444348 70.407654 0.290532
W C 1042.3 113.5 1864.0 733.9 1617.5 1468.5 958.1 1256.5 516.9 840.0 240.2 1599.8
W E -0.194 83.8 62.9 -2.719 65.5 135.7 -0.663 156.7 56.8 -0.289 112.1 58.0 0.037 85.5 74.9 0.362 154.1 78.7
D C 758.2 585.2 7.2 348.2
F 1162.311690 1549.698210 2.542473
E -0.318941 149.049759 72.198806 0.298228
W C 1042.3 113.5 1864.0 733.9 1617.4 1468.4 958.1 1256.5 516.9 840.0 240.2 1599.7
W E -0.194 83.8 62.9 -2.719 65.5 135.7 -0.663 156.6 56.7 -0.289 112.0 57.9 0.036 85.4 74.9 0.363 154.0 78.6
D C 770.6 508.9 -4.5 342.3
F 1162.024400 1549.935644 2.540018
E -0.325448 148.476499 71.066354 0.274016
W C 1042.3 113.5 1864.0 734.0 1617.3 1468.6 958.3 1256.5 516.8 839.9 240.3 1599.7
W E -0.194 83.8 62.9 -2.719 65.5 135.7 -0.663 156.5 56.7 -0.288 111.9 57.9 0.036 85.4 74.9 0.363 153.8 78.5
D C 766.6 476.4 -6.5 341.0
F 1121.983540 1571.177591 2.639522
E -0.286436 149.645433 72.146454 0.278618
W C 1042.3 113.5 1863.9 734.1 1616.9 1468.8 958.4 1256.5 516.9 839.9 240.5 1599.7
W E -0.194 83.8 62.9 -2.719 65.5 135.7 -0.663 156.4 56.7 -0.288 111.8 57.8 0.034 85.3 74.7 0.363 153.7 78.4
D C 760.5 392.3 151.5 927.9 -23.1 337.4
F 1080.815388 1587.810548 2.785850
E -0.248284 150.555338 73.292675 0.296035
W C 1042.2 113.5 1863.8 734.1 1616.6 1468.9 958.4 1256.7 517.1 839.6 240.5 1599.7
W E -0.194 83.8 62.9 -2.719 65.5 135.7 -0.663 156.3 56.7 -0.287 111.7 57.7 0.031 85.2 74.6 0.364 153.5 78.3
D C 755.6 338.4 180.4 910.6 -30.4 337.6
F 1040.199527 1600.368062 2.909903
E -0.210581 150.806210 74.405489 0.302017
W C 1042.1 113.5 1863.8 734.0 1616.6 1468.7 958.3 1257.1 517.5 839.5 240.4 1599.5
W E -0.194 83.8 62.9 -2.719 65.5 135.7 -0.663 156.2 56.7 -0.287 111.6 57.6 0.029 85.2 74.4 0.364 153.4 78.1
D C 757.7 290.3 220.0 892.9 -24.9 334.6
F 1000.607075 1606.965910 3.018408
E -0.176935 150.441019 75.304172 0.295073
W C 1042.1 113.5 1863.7 733.9 1616.7 1468.6 958.3 1257.4 517.7 839.4 240.3 1599.4
W E -0.194 83.7 62.9 -2.719 65.5 135.7 -0.663 156.1 56.7 -0.287 111.5 57.6 0.026 85.1 74.3 0.364 153.2 78.0
D C 753.6 172.2 303.5 850.2 -19.5 330.7
F 999.719417 1607.069543 3.012550
E -0.186938 149.710214 73.670861 0.261477
W C 1042.1 113.5 1863.7 733.9 1616.4 1468.7 958.4 1257.3 517.8 839.4 240.2 1599.4
W E -0.194 83.7 62.9 -2.719 65.5 135.7 -0.663 156.1 56.7 -0.287 111.4 57.5 0.023 85.0 74.1 0.364 153.1 77.8
D C 738.4 98.5 347.6 819.4 -20.3 325.7
F 958.496149 1606.522551 -3.149106
E -0.153744 149.066373 74.377838 0.273199
W C 1042.0 113.5 1863.7 733.9 1616.2 1468.8 958.5 1257.4 517.9 839.3 240.1 1599.3
W E -0.194 83.7 62.9 -2.719 65.5 135.7 -0.663 156.0 56.7 -0.287 111.3 57.5 0.021 84.9 74.0 0.365 152.9 77.7
D C 717.3 27.0 393.3 776.9 -18.0 321.5
F 918.595754 1601.795288 -3.032057
E -0.122554 147.999261 75.108256 0.278020
W C 1042.0 113.5 1863.6 733.9 1616.2 1468.8 958.6 1257.5 518.1 839.3 239.9 1599.1
W E -0.194 83.7 62.9 -2.719 65.5 135.7 -0.663 156.0 56.7 -0.288 111.2 57.4 0.019 84.8 73.8 0.365 152.8 77.5
D C 686.3 -48.0 429.1 732.3 -16.8 318.1
F 879.834094 1594.774785 -2.925501
E -0.091995 146.561330 75.911777 0.282203
W C 1042.0 113.5 1863.6 733.8 1616.3 1468.5 958.4 1257.7 518.3 839.4 239.5 1598.9
W E -0.194 83.7 62.9 -2.719 65.5 135.7 -0.663 155.9 56.7 -0.288 111.1 57.4 0.017 84.7 73.7 0.365 152.6 77.4
D C 674.1 -78.4 446.2 710.7 -17.8 317.5
F 839.403731 1582.521695 -2.865316
E -0.062779 144.774753 76.728948 0.271990
W C 1042.1 113.5 1863.7 733.7 1616.5 1468.4 958.3 1257.8 518.4 839.4 239.2 1598.8
W E -0.194 83.7 62.9 -2.719 65.5 135.7 -0.663 155.9 56.7 -0.289 111.0 57.3 0.015 84.7 73.5 0.365 152.5 77.2
D C 609.6 -186.5 504.6 627.4 -14.5 310.6
F 838.914542 1578.594042 -2.844645
E -0.071146 144.144086 74.364026 0.237647
W C 1041.7 113.8 1863.7 733.5 1616.5 1468.3 958.7 1257.6 518.7 839.1 239.0 1598.5
W E -0.191 83.6 62.8 -2.718 65.5 135.6 -0.663 155.8 56.7 -0.289 110.9 57.2 0.016 84.6 73.3 0.365 152.3 77.0
D C 563.9 -251.5 530.6 579.1 277.6 1401.2 -14.4 307.3
F 796.452345 1561.579750 -2.818590
E -0.039748 142.313249 75.160334 0.247390
W C 1041.8 113.8 1863.7 733.5 1616.5 1468.3 958.7 1257.6 518.8 839.0 238.7 1598.7
W E -0.191 83.6 62.8 -2.718 65.5 135.6 -0.663 155.8 56.7 -0.289 110.9 57.1 0.015 84.5 73.2 0.365 152.2 76.8
D C 514.5 -280.6 518.6 548.9 -35.7 302.6
F 755.276762 1542.291531 -2.782449
E -0.009277 140.572543 75.995740 0.252035
W C 1041.9 113.7 1863.7 733.5 1616.5 1468.2 958.8 1257.5 518.8 839.0 238.5 1599.0
W E -0.191 83.6 62.8 -2.718 65.4 135.6 -0.663 155.7 56.7 -0.290 110.8 57.1 0.014 84.4 73.0 0.365 152.1 76.6
D C 462.0 -312.3 514.2 521.3 -55.7 302.8
F 715.169986 1520.938246 -2.747317
E 0.023620 139.130900 76.406554 0.248986
W C 1041.4 114.0 1863.9 733.3 1616.7 1468.1 959.6 1257.4 518.8 838.5 238.1 1598.6
W E -0.188 83.4 62.7 -2.718 65.4 135.5 -0.663 155.7 56.7 -0.290 110.7 57.0 0.016 84.3 72.8 0.365 151.9 76.4
D C 438.5 -324.7 505.4 512.4 343.0 1356.1
F 714.800694 1517.538093 -2.730146
E 0.019104 138.801569 74.913577 0.231076
W C 1041.5 114.0 1863.8 733.3 1616.5 1468.2 959.6 1257.4 518.9 838.4 237.8 1598.9
W E -0.188 83.4 62.7 -2.718 65.4 135.5 -0.663 155.6 56.7 -0.290 110.7 57.0 0.016 84.2 72.7 0.366 151.8 76.2
D C 383.7 -330.5 458.1 506.2
F 674.302897 1496.119389 -2.709736
E 0.053229 137.309572 75.365399 0.239551
W C 1041.2 114.2 1863.9 733.1 1616.6 1468.0 960.0 1257.2 519.0 838.1 237.6 1598.8
W E -0.185 83.3 62.6 -2.718 65.4 135.5 -0.663 155.5 56.6 -0.290 110.7 56.9 0.019 84.1 72.5 0.366 151.7 75.9
D C 366.5 -329.6 439.9 510.8 282.2 1358.8
F 634.755044 1474.787079 -2.695626
E 0.085993 135.883186 75.792078 0.242761
W C 1041.0 114.4 1864.0 732.9 1616.7 1467.9 960.2 1257.1 519.2 837.8 237.5 1598.8
W E -0.182 83.1 62.5 -2.718 65.4 135.4 -0.663 155.5 56.6 -0.289 110.6 56.9 0.022 84.0 72.3 0.366 151.6 75.7
D C 314.1 -329.4 389.6 509.6 234.2 1355.6
F 594.924998 1453.976205 -2.686645
E 0.116357 134.545404 76.790566 0.254088
W C 1041.2 114.4 1864.0 732.8 1616.8 1467.8 960.3 1257.0 519.2 837.7 237.2 1598.9
W E -0.182 83.1 62.5 -2.718 65.4 135.4 -0.663 155.4 56.6 -0.290 110.6 56.9 0.022 83.9 72.2 0.366 151.5 75.5
D C 281.4 -334.0 358.1 509.2
F 556.632375 1433.619070 -2.679523
E 0.148824 133.189898 77.433232 0.250872
W C 1040.9 114.6 1864.1 732.5 1617.3 1467.4 960.8 1257.0 519.1 837.6 236.8 1598.6
W E -0.179 82.9 62.4 -2.718 65.4 135.3 -0.663 155.3 56.6 -0.290 110.5 56.8 0.025 83.8 72.0 0.366 151.4 75.3
D C 264.3 -331.8 342.2 513.0 188.3 1362.5
F 556.391387 1432.336391 -2.674388
E 0.145213 132.633709 76.130603 0.233101
W C 1041.0 114.5 1864.1 732.6 1617.1 1467.5 960.7 1257.0 519.3 837.5 236.6 1598.9
W E -0.179 82.9 62.4 -2.718 65.4 135.3 -0.663 155.3 56.6 -0.290 110.5 56.8 0.026 83.7 71.9 0.366 151.3 75.1
D C 211.3 -333.1 291.9 512.5
F 515.978334 1411.064394 -2.670731
E 0.175999 131.396152 77.395627 0.249822
W C 1041.1 114.5 1864.0 732.7 1616.9 1467.7 960.5 1256.9 519.5 837.4 236.4 1599.1
W E -0.179 82.9 62.4 -2.718 65.4 135.3 -0.663 155.2 56.6 -0.290 110.5 56.8 0.026 83.7 71.7 0.366 151.2 75.0
D C 162.4 -332.1 238.8 514.0
F 477.518252 1389.307434 -2.609344
E 0.206720 130.153733 79.139495 0.267072
W C 1041.0 114.5 1864.1 732.7 1617.0 1467.5 960.6 1256.9 519.7 837.4 235.7 1599.1
W E -0.179 82.9 62.4 -2.718 65.4 135.3 -0.663 155.2 56.6 -0.290 110.4 56.8 0.026 83.6 71.6 0.366 151.0 74.9
D C 143.5 -331.4 221.4 517.6
F 441.068651 1367.749261 -2.556775
E 0.241646 128.696840 80.606414 0.267100
W C 1041.2 114.6 1864.2 732.3 1617.4 1467.0 961.0 1256.7 519.8 837.4 234.6 1599.1
W E -0.176 82.8 62.4 -2.718 65.4 135.2 -0.663 155.1 56.6 -0.290 110.4 56.7 0.028 83.5 71.5 0.365 150.9 74.7
D C 109.7 -338.3 205.5 510.3 87.2 1366.9
F 440.767394 1367.384226 -2.561007
E 0.243086 127.926116 79.027657 0.239422
W C 1041.1 114.8 1864.2 732.1 1617.5 1466.9 961.1 1256.5 520.1 837.2 234.4 1599.1
W E -0.173 82.6 62.3 -2.717 65.4 135.2 -0.663 155.0 56.6 -0.290 110.3 56.7 0.030 83.4 71.3 0.365 150.7 74.5
D C 51.7 -354.2 204.8 495.6 152.2 1344.3
F 406.419653 1339.937794 -2.479290
E 0.282742 126.481559 80.611076 0.255668
W C 1041.0 115.0 1864.3 731.9 1617.7 1466.6 961.3 1256.4 520.4 837.0 233.7 1599.0
W E -0.171 82.4 62.2 -2.717 65.4 135.1 -0.663 155.0 56.6 -0.290 110.3 56.7 0.032 83.2 71.2 0.365 150.6 74.3
D C -2.0 -366.8 201.7 479.7 201.0 1334.0
F 373.917495 1308.749261 -2.394876
E 0.324922 124.885978 82.518645 0.265607
W C 1040.8 115.1 1864.3 731.8 1617.8 1466.5 961.4 1256.2 520.7 836.9 233.0 1598.9
W E -0.168 82.3 62.2 -2.717 65.4 135.1 -0.663 154.9 56.6 -0.290 110.2 56.7 0.033 83.1 71.1 0.366 150.4 74.1
D C -89.3 -367.3 193.6 452.6 287.5 1303.5
F 345.154822 1277.484462 -2.323954
E 0.362642 123.243852 85.425607 0.284227
W C 1040.8 115.0 1864.4 731.7 1617.9 1466.3 961.6 1256.2 521.1 836.8 231.6 1599.0
W E -0.168 82.3 62.2 -2.717 65.4 135.1 -0.663 154.9 56.6 -0.290 110.2 56.6 0.032 83.0 71.0 0.366 150.3 74.0
D C -114.9 -367.4 192.3 445.6
F 344.736184 1277.614568 -2.326564
E 0.370428 122.878148 84.843794 0.271864
W C 1040.8 115.0 1864.4 731.8 1617.8 1466.3 961.5 1256.1 521.2 836.9 231.5 1598.9
W E -0.168 82.2 62.2 -2.717 65.4 135.1 -0.663 154.9 56.6 -0.290 110.2 56.6 0.031 83.0 70.9 0.366 150.2 73.9
D C 188.6 433.5
F 317.972034 1240.928947 -2.182027
E 0.425333 121.486587 87.906819 0.300819
W C 1040.6 115.0 1864.5 731.9 1617.7 1466.4 961.5 1256.1 521.3 837.0 231.6 1598.9
W E -0.168 82.2 62.1 -2.718 65.3 135.0 -0.663 154.8 56.6 -0.290 110.2 56.6 0.029 82.9 70.8 0.365 150.2 73.9
D C 180.2 421.1 -535.6 1553.0
F 296.782371 1201.817838 -2.030664
E 0.481082 119.709918 91.007940 0.320436
W C 1040.5 114.9 1864.5 732.0 1617.6 1466.5 961.4 1256.0 521.4 837.2 231.7 1598.8
W E -0.168 82.2 62.1 -2.719 65.2 134.9 -0.663 154.8 56.6 -0.290 110.2 56.6 0.027 82.8 70.6 0.365 150.1 73.8
D C 191.5 396.3 -394.3 1589.8
F 279.928098 1164.022320 -1.918561
E 0.529056 117.518653 93.696210 0.323180
W C 1040.3 114.9 1864.5 732.3 1617.6 1466.5 961.4 1255.9 521.4 837.3 232.0 1598.8
W E -0.168 82.2 62.1 -2.721 65.1 134.8 -0.663 154.8 56.6 -0.290 110.2 56.6 0.024 82.7 70.5 0.364 150.1 73.8
D C 195.4 385.9 -341.6 1607.4
F 267.536771 1124.709595 -1.834252
E 0.569197 115.052882 96.113661 0.315636
W C 1040.3 114.9 1864.5 732.3 1617.6 1466.5 961.4 1255.9 521.4 837.3 232.1 1598.7
W E -0.168 82.2 62.1 -2.722 65.0 134.8 -0.663 154.8 56.6 -0.290 110.2 56.6 0.021 82.6 70.4 0.364 150.0 73.7
D C 197.8 352.4 -152.7 1641.1
F 267.124113 1124.719035 -1.837089
E 0.584042 114.682877 95.452287 0.300464
W C 1040.3 114.9 1864.5 732.3 1617.6 1466.5 961.4 1255.9 521.4 837.4 232.0 1598.7
W E -0.168 82.2 62.1 -2.722 65.0 134.8 -0.663 154.8 56.6 -0.290 110.2 56.6 0.019 82.6 70.3 0.363 150.0 73.7
D C 201.8 323.6
F 257.830627 1080.119197 -1.817432
E 0.632415 111.989190 98.123336 0.298061
W C 1040.3 114.9 1864.4 732.3 1617.5 1466.6 961.4 1255.9 521.6 837.4 231.9 1598.6
W E -0.168 82.2 62.1 -2.723 64.9 134.7 -0.663 154.8 56.6 -0.290 110.2 56.6 0.015 82.5 70.1 0.363 149.9 73.6
D C 186.7 307.7 73.9 1631.5
F 250.639869 1035.945176 -1.791820
E 0.692987 109.486133 100.837300 0.296662
W C 1040.3 114.9 1864.3 732.2 1617.4 1466.6 961.3 1255.9 521.8 837.2 231.7 1598.7
W E -0.167 82.2 62.1 -2.724 64.8 134.6 -0.663 154.8 56.6 -0.290 110.2 56.6 0.011 82.4 70.0 0.362 149.8 73.6
D C 156.7 300.3 108.7 1625.6
F 247.293194 990.982648 -1.701259
E 2.361127 101.528203 107.001528 0.283893
W C 1040.1 115.0 1864.5 732.2 1617.4 1466.7 961.2 1256.0 522.0 836.9 231.7 1598.8
W E -0.166 81.9 62.1 -2.724 64.7 134.5 -0.663 154.8 56.6 -0.290 110.2 56.6 0.006 82.2 69.7 0.360 149.7 73.4
D C 777.9 870.3 142.8 297.7 130.5 1647.7
F 244.671276 946.582484 -1.620876
E 2.531599 101.941107 104.454084 0.280523
W C 1040.0 115.1 1864.5 732.0 1617.5 1466.5 961.3 1255.9 522.0 836.9 231.8 1598.7
W E -0.164 81.7 62.0 -2.725 64.6 134.4 -0.663 154.7 56.6 -0.290 110.1 56.6 0.002 82.0 69.5 0.359 149.6 73.2
D C 744.5 853.8 91.7 296.6 109.0 1630.4
F 244.989459 944.905612 -1.622600
E 2.444589 99.904334 103.869414 0.261633
W C 1039.6 115.2 1864.6 731.9 1617.5 1466.5 961.4 1255.7 522.4 837.2 231.6 1598.1
W E -0.162 81.5 62.0 -2.725 64.6 134.4 -0.663 154.7 56.6 -0.290 110.1 56.5 -0.000 81.9 69.2 0.358 149.5 73.1
D C 769.1 794.2 75.3 286.5
F 248.030379 898.571330 -1.526760
E -3.017367 100.841701 101.580171 0.284615
W C 1039.4 115.3 1864.7 731.9 1617.6 1466.4 961.5 1255.6 522.6 837.5 231.4 1597.6
W E -0.160 81.4 61.9 -2.725 64.6 134.4 -0.663 154.7 56.6 -0.289 110.1 56.5 -0.002 81.8 69.0 0.357 149.4 72.9
D C 796.1 731.6 59.8 275.2
F 254.841753 852.751016 -1.436682
E -0.717990 102.457143 98.465407 0.298803
W C 1039.2 115.4 1864.8 731.7 1617.6 1466.3 961.5 1255.5 522.8 837.6 231.3 1597.2
W E -0.157 81.2 61.8 -2.725 64.6 134.3 -0.663 154.6 56.6 -0.289 110.1 56.5 -0.002 81.7 68.7 0.356 149.3 72.8
D C 798.9 673.2 39.8 269.8
F 264.267519 809.688506 -1.354753
E -0.623614 102.750978 95.782661 0.292558
W C 1039.2 115.5 1864.8 731.6 1617.5 1466.2 961.6 1255.5 522.9 837.5 231.5 1597.4
W E -0.155 81.0 61.8 -2.725 64.5 134.3 -0.663 154.6 56.5 -0.289 110.0 56.5 -0.001 81.6 68.3 0.355 149.3 72.7
D C 806.7 646.7 27.1 268.4 -373.5 1413.0
F 266.187898 806.994788 -1.353157
E -0.604882 99.281364 95.295636 0.261865
W C 1039.1 115.5 1864.9 731.5 1617.5 1466.1 961.7 1255.3 523.2 838.2 231.1 1596.6
W E -0.153 80.9 61.7 -2.726 64.4 134.2 -0.663 154.5 56.5 -0.289 110.0 56.5 0.000 81.5 68.0 0.354 149.2 72.6
D C 816.6 568.6 474.0 1516.4 -0.2 265.4
F 281.855129 762.339814 -1.259885
E -0.547724 100.676293 92.806740 0.288664
W C 1039.4 115.3 1864.9 731.3 1617.4 1466.0 961.7 1255.2 523.1 839.1 230.8 1596.0
W E -0.153 80.8 61.7 -2.726 64.3 134.2 -0.663 154.5 56.5 -0.289 110.0 56.5 0.003 81.4 67.8 0.354 149.2 72.5
D C 572.4 1473.6 -29.0 267.1
F 299.721563 721.636667 -1.169123
E -0.530736 100.883748 90.836016 0.289783
W C 1039.3 115.5 1864.9 731.2 1617.5 1465.9 961.7 1255.2 523.2 838.9 230.9 1596.0
W E -0.151 80.6 61.7 -2.727 64.2 134.1 -0.663 154.5 56.5 -0.289 110.0 56.5 0.004 81.3 67.7 0.353 149.1 72.5
D C 817.8 457.5 599.2 1437.2
F 320.906969 681.685055 -1.080983
E -0.513270 101.043758 89.089439 0.290868
W C 1039.3 115.6 1864.9 731.1 1617.6 1465.8 961.8 1255.1 523.2 838.8 231.0 1596.0
W E -0.150 80.5 61.6 -2.727 64.1 134.0 -0.663 154.5 56.5 -0.289 110.0 56.5 0.006 81.3 67.7 0.353 149.1 72.4
D C 813.0 394.5 662.2 1391.8
F 343.621023 644.909860 -1.000430
E -0.498827 100.978184 87.593732 0.289027
W C 1039.2 115.7 1864.9 731.0 1617.7 1465.8 961.8 1255.1 523.2 838.6 231.1 1596.1
W E -0.149 80.3 61.5 -2.728 64.0 134.0 -0.663 154.5 56.5 -0.289 110.0 56.5 0.008 81.2 67.6 0.353 149.1 72.4
D C 801.2 338.3 710.7 1352.0
F 345.563937 644.691256 -0.994380
E -0.575628 98.846125 86.722436 0.251446
W C 1039.1 115.9 1864.9 730.9 1617.6 1465.5 962.0 1255.1 523.5 838.6 231.1 1596.0
W E -0.149 80.1 61.5 -2.728 63.9 133.9 -0.663 154.4 56.4 -0.289 110.0 56.5 0.009 81.1 67.6 0.353 149.1 72.3
D C 783.6 281.0 764.5 1295.6 35.1 1477.0
F 375.612974 609.610276 -0.896890
E -0.573471 98.828769 84.727219 0.258272
W C 1039.1 116.1 1864.9 730.8 1617.6 1465.3 962.1 1255.0 523.7 838.6 231.2 1595.9
W E -0.148 79.9 61.4 -2.729 63.8 133.8 -0.663 154.4 56.3 -0.288 109.9 56.5 0.010 81.1 67.5 0.353 149.1 72.3
D C 764.5 209.6 833.2 1216.3 116.1 1466.2
F 406.389169 576.684291 -0.816872
E -0.564336 98.675790 82.521181 0.253506
W C 1039.1 116.2 1864.9 730.7 1617.5 1465.1 961.9 1254.9 523.9 838.8 231.4 1596.0
W E -0.148 79.8 61.4 -2.729 63.7 133.7 -0.663 154.3 56.2 -0.288 109.9 56.4 0.010 81.0 67.4 0.353 149.1 72.2
D C 750.4 188.6 850.1 1201.2 138.7 1465.5 -131.7 814.5
F 439.020144 546.535991 -0.740644
E -0.550581 98.409392 80.410240 0.250322
W C 1039.3 116.3 1865.0 730.6 1617.5 1464.9 961.8 1254.7 524.1 838.9 231.5 1596.1
W E -0.148 79.6 61.3 -2.729 63.5 133.7 -0.663 154.3 56.1 -0.288 109.9 56.3 0.010 80.9 67.4 0.353 149.1 72.2
D C 727.1 133.6 899.2 1132.4 210.0 1454.1 -106.8 819.3
F 440.526905 546.905857 -0.736697
E -0.588670 97.048534 79.193064 0.221489
W C 1039.2 116.5 1865.1 730.4 1617.5 1464.6 961.8 1254.4 524.3 839.1 231.7 1596.2
W E -0.149 79.4 61.2 -2.730 63.4 133.6 -0.663 154.2 56.0 -0.288 109.8 56.3 0.010 80.9 67.3 0.353 149.0 72.2
D C 698.3 82.3 944.5 1076.4 270.3 1433.5 -82.0 825.8
F 477.117836 520.624265 -0.645535
E -0.565951 96.823652 77.055867 0.236588
W C 1039.2 116.7 1865.2 730.2 1617.5 1464.4 961.7 1254.2 524.5 839.2 231.9 1596.2
W E -0.149 79.3 61.1 -2.730 63.3 133.5 -0.662 154.2 55.9 -0.288 109.8 56.2 0.010 80.8 67.2 0.353 149.0 72.1
D C 666.6 37.4 967.4 1005.2 325.5 1413.6 -64.3 828.6
F 516.013546 497.438027 -0.555226
E -0.541994 96.478082 75.131058 0.242923
W C 1039.2 116.9 1865.2 730.1 1617.5 1464.1 961.7 1254.0 524.6 839.3 232.0 1596.2
W E -0.150 79.1 61.0 -2.730 63.2 133.4 -0.662 154.1 55.8 -0.287 109.8 56.1 0.010 80.7 67.2 0.352 149.0 72.1
D C 622.5 -24.4 1014.1 914.9 411.7 1376.0 -33.9 834.3
F 555.066490 476.750647 -0.479389
E -0.519280 96.011040 73.418466 0.244815
W C 1039.4 117.1 1865.3 729.9 1617.6 1463.9 961.7 1253.7 524.6 839.5 232.2 1596.4
W E -0.151 78.9 61.0 -2.730 63.1 133.4 -0.662 154.1 55.7 -0.287 109.7 56.1 0.010 80.7 67.1 0.352 149.0 72.1
D C 604.6 -51.6 1023.5 862.5 449.3 1363.5 -13.3 827.0
F 594.147205 458.916755 -0.408519
E -0.500224 95.453092 71.904540 0.244454
W C 1039.7 117.3 1865.3 729.6 1617.6 1463.6 961.7 1253.5 524.5 839.6 232.4 1596.6
W E -0.152 78.8 60.9 -2.730 63.0 133.3 -0.662 154.0 55.6 -0.287 109.7 56.0 0.011 80.7 67.0 0.352 149.0 72.0
D C 568.7 -89.3 1040.7 798.1 498.2 1330.7 -0.6 831.2
F 595.034256 459.548164 -0.404905
E -0.521710 94.349039 70.523825 0.216845
W C 1039.8 117.5 1865.3 729.5 1617.7 1463.4 961.7 1253.3 524.6 839.7 232.6 1596.7
W E -0.153 78.6 60.8 -2.730 62.9 133.2 -0.662 154.0 55.5 -0.287 109.6 55.9 0.011 80.6 67.0 0.352 149.0 72.0
D C 527.9 -130.1 1061.6 724.8 555.9 1288.5 29.9 827.4
F 637.469732 445.723961 -0.338816
E -0.500757 93.765121 69.084132 0.228775
W C 1040.0 117.7 1865.3 729.3 1617.7 1463.1 961.7 1253.0 524.6 839.8 232.7 1596.8
W E -0.155 78.5 60.7 -2.730 62.8 133.1 -0.662 153.9 55.4 -0.286 109.6 55.9 0.011 80.6 66.9 0.352 148.9 72.0
D C 489.8 -161.4 1074.0 658.4 599.7 1250.5 49.9 822.7
F 681.505865 433.919477 -0.316058
E -0.485350 93.103003 67.933103 0.230523
W C 1040.1 117.9 1865.3 729.1 1617.8 1462.9 961.7 1252.8 524.7 839.9 232.9 1596.8
W E -0.157 78.3 60.5 -2.730 62.6 133.0 -0.661 153.9 55.4 -0.286 109.6 55.8 0.011 80.5 66.9 0.352 148.9 72.0
D C 424.9 -203.8 1063.6 573.7 634.1 1206.3 54.5 815.3
F 724.214279 422.586957 -0.298206
E -0.476337 92.452150 67.032373 0.230883
W C 1040.3 118.1 1865.4 728.8 1617.9 1462.6 961.8 1252.6 524.5 840.0 233.1 1597.0
W E -0.159 78.1 60.4 -2.730 62.5 132.9 -0.661 153.8 55.3 -0.286 109.5 55.7 0.012 80.5 66.9 0.352 148.9 71.9
D C 408.4 -202.0 1043.3 583.6 616.2 1207.9 36.9 814.5
F 724.948469 423.781370 -0.291156
E -0.490778 91.428497 65.595500 0.207371
W C 1040.4 118.3 1865.3 728.7 1618.0 1462.4 961.8 1252.4 524.6 840.1 233.2 1597.1
W E -0.162 78.0 60.3 -2.730 62.4 132.9 -0.661 153.7 55.2 -0.285 109.5 55.7 0.012 80.5 66.8 0.352 148.9 71.9
D C 380.0 -201.3 1007.7 584.2 584.3 1208.8 4.4 815.2
F 768.297309 412.025242 -0.285726
E -0.468911 91.450917 65.703128 0.228603
W C 1040.7 118.4 1865.3 728.5 1618.0 1462.2 961.8 1252.2 524.6 840.2 233.4 1597.2
W E -0.164 77.9 60.3 -2.730 62.3 132.8 -0.661 153.7 55.1 -0.285 109.5 55.6 0.012 80.5 66.8 0.352 148.9 71.9
D C 962.2 581.7 529.8 1207.7 -43.5 821.1
F 810.620149 400.485568 -0.278782
E -0.471927 90.739124 65.293074 0.229138
W C 1041.0 118.7 1865.2 728.2 1618.1 1461.8 961.9 1252.0 524.5 840.2 233.6 1597.3
W E -0.168 77.7 60.2 -2.729 62.2 132.7 -0.660 153.7 55.0 -0.285 109.4 55.5 0.012 80.5 66.8 0.352 148.9 71.9
D C 314.8 -199.0 943.1 578.1 513.7 1211.2 -58.9 823.9
F 852.980689 388.784896 -0.278091
E -0.483020 89.995973 65.127346 0.229118
W C 1041.4 118.9 1865.1 727.8 1618.2 1461.5 962.0 1251.8 524.4 840.3 233.7 1597.5
W E -0.172 77.5 60.0 -2.729 62.0 132.6 -0.660 153.6 54.9 -0.285 109.4 55.5 0.013 80.4 66.7 0.352 148.8 71.9
D C 265.7 -198.0 891.4 580.9 465.3 1208.9 -108.0 828.4
F 896.320823 378.002242 -0.267078
E -0.469903 90.095224 66.623071 0.241018
W C 1041.4 119.0 1865.2 727.7 1618.3 1461.4 962.0 1251.6 524.3 840.3 233.9 1597.6
W E -0.175 77.5 60.0 -2.729 62.0 132.6 -0.660 153.6 54.8 -0.285 109.4 55.4 0.013 80.4 66.7 0.351 148.8 71.9
D C 869.8 582.1 451.0 1216.1 -123.8 830.4
F 896.824989 378.344471 -0.267265
E -0.466076 89.675258 65.673028 0.221220
W C 1041.6 119.1 1865.1 727.7 1618.3 1461.3 962.0 1251.6 524.3 840.4 233.9 1597.6
W E -0.177 77.4 60.0 -2.729 61.9 132.5 -0.660 153.6 54.8 -0.284 109.4 55.4 0.013 80.4 66.7 0.351 148.8 71.8
D C 819.7 578.2 395.0 1211.1 -171.4 832.0
F 941.223478 369.100569 -0.197939
E -0.448099 89.968779 67.476585 0.244209
W C 1041.6 119.1 1865.0 727.8 1618.2 1461.2 962.0 1251.5 524.4 840.5 234.0 1597.7
W E -0.178 77.4 59.9 -2.729 61.8 132.5 -0.660 153.5 54.7 -0.284 109.4 55.3 0.012 80.4 66.7 0.351 148.8 71.8
D C 786.8 577.0 369.8 1208.9 -199.2 836.0
F 984.542467 362.445742 -0.129004
E -0.431850 90.185586 69.681141 0.256171
W C 1041.5 119.1 1865.0 728.0 1618.1 1461.3 962.0 1251.3 524.4 840.7 234.0 1597.7
W E -0.180 77.3 59.9 -2.730 61.7 132.5 -0.660 153.5 54.6 -0.284 109.3 55.3 0.012 80.4 66.7 0.351 148.8 71.8
D C 791.9 547.7 397.6 1194.2 -178.9 841.8
F 1029.000680 358.766068 -0.056679
E -0.420556 90.354568 72.284748 0.263392
W C 1041.4 119.0 1865.1 728.2 1618.0 1461.3 962.0 1251.2 524.4 840.7 234.1 1597.8
W E -0.182 77.3 59.9 -2.730 61.7 132.4 -0.660 153.5 54.6 -0.284 109.3 55.2 0.012 80.4 66.6 0.351 148.8 71.8
D C 800.5 487.3 456.3 1164.3 -151.4 853.1
F 1029.024823 358.311032 -0.062316
E -0.419779 90.029122 70.949857 0.237324
W C 1041.4 119.1 1865.0 728.3 1618.0 1461.2 962.1 1251.1 524.5 840.8 234.1 1597.8
W E -0.183 77.2 59.9 -2.730 61.6 132.4 -0.659 153.5 54.5 -0.284 109.3 55.2 0.012 80.4 66.6 0.351 148.8 71.8
D C 792.5 440.1 486.3 1136.8 -131.6 864.4
F 1074.229029 360.378112 0.028957
E -0.412144 90.103476 73.583418 0.253946
W C 1041.5 119.1 1865.0 728.3 1618.0 1461.1 962.1 1251.0 524.5 840.8 234.2 1597.9
W E -0.184 77.2 59.8 -2.730 61.5 132.3 -0.659 153.5 54.4 -0.284 109.3 55.1 0.012 80.4 66.6 0.351 148.8 71.8
D C 783.9 354.0 551.8 1073.5 -89.2 871.4
F 1118.518588 364.459304 0.084336
E -0.425197 90.030369 76.326523 0.257156
W C 1041.5 119.1 1864.9 728.4 1618.0 1461.1 962.2 1251.0 524.5 840.9 234.2 1597.9
W E -0.186 77.1 59.8 -2.730 61.5 132.3 -0.659 153.4 54.4 -0.284 109.3 55.1 0.012 80.4 66.6 0.351 148.8 71.8
D C 773.2 321.0 577.4 1051.0 -73.1 872.3
F 1162.824732 370.821138 0.100959
E -0.465266 89.990972 79.160766 0.255800
W C 1041.4 119.1 1865.0 728.5 1618.0 1461.1 962.2 1250.9 524.4 840.9 234.2 1597.9
W E -0.187 77.1 59.8 -2.731 61.4 132.2 -0.659 153.4 54.3 -0.284 109.3 55.0 0.012 80.4 66.6 0.351 148.8 71.8
D C 760.3 264.8 611.3 1007.6 -49.1 875.8
F 1206.606871 377.437979 0.116898
E -0.550116 90.128807 81.902720 0.254437
W C 1041.3 119.1 1865.0 728.6 1618.0 1461.1 962.3 1250.9 524.4 840.9 234.3 1597.9
W E -0.188 77.1 59.8 -2.731 61.3 132.2 -0.659 153.4 54.2 -0.284 109.2 55.0 0.012 80.4 66.6 0.351 148.7 71.8
D C 717.7 259.9 567.3 1010.5 -90.0 879.8
F 1206.500166 378.360831 0.122426
E -0.514701 89.644118 80.552197 0.230724
W C 1041.3 119.1 1865.0 728.6 1618.0 1461.1 962.3 1250.8 524.4 840.9 234.3 1598.0
W E -0.189 77.0 59.8 -2.731 61.3 132.1 -0.659 153.4 54.2 -0.284 109.2 55.0 0.012 80.4 66.6 0.351 148.7 71.8
D C 700.2 258.4 553.8 1008.0 -106.8 882.8
F 1250.802744 384.301029 0.125025
E -0.645516 89.969936 83.158727 0.241557
W C 1041.3 119.1 1865.0 728.7 1618.0 1461.1 962.4 1250.8 524.4 840.9 234.3 1598.0
W E -0.190 77.0 59.8 -2.731 61.2 132.1 -0.659 153.3 54.1 -0.283 109.2 54.9 0.012 80.4 66.6 0.351 148.7 71.8
D C 647.3 264.1 502.1 1014.8 -159.5 883.0
F 1294.744939 390.759887 0.130700
E -2.458148 85.357709 90.915965 0.247347
W C 1041.2 119.1 1865.0 728.8 1618.0 1461.2 962.5 1250.7 524.4 840.9 234.3 1598.0
W E -0.191 77.0 59.8 -2.731 61.2 132.0 -0.659 153.3 54.1 -0.283 109.2 54.9 0.012 80.4 66.5 0.351 148.7 71.8
D C 631.6 262.2 485.8 1013.0 -177.4 888.3
F 1338.436123 397.435178 0.139708
E -2.737161 86.671738 92.870132 0.250233
W C 1041.0 119.0 1865.1 728.9 1618.0 1461.2 962.5 1250.7 524.3 840.9 234.4 1598.0
W E -0.192 76.9 59.7 -2.732 61.1 132.0 -0.659 153.3 54.0 -0.283 109.2 54.8 0.012 80.4 66.5 0.351 148.7 71.8
D C 597.3 265.3 449.4 1015.8 -211.3 886.6
F 1338.666004 397.031724 0.136119
E -2.666937 85.987785 91.828683 0.227876
W C 1041.0 119.1 1865.0 729.0 1618.0 1461.2 962.6 1250.7 524.4 840.9 234.4 1598.0
W E -0.193 76.9 59.7 -2.732 61.0 131.9 -0.658 153.3 54.0 -0.283 109.1 54.8 0.012 80.4 66.5 0.351 148.7 71.8
D C 549.5 266.6 401.0 1013.9 -258.8 889.9
F 1383.424226 403.310147 0.136892
E -2.881884 86.794118 94.445041 0.241047
W C 1041.0 119.0 1865.0 729.1 1618.0 1461.2 962.6 1250.7 524.3 840.9 234.4 1598.0
W E -0.194 76.9 59.7 -2.732 61.0 131.9 -0.658 153.3 53.9 -0.283 109.1 54.8 0.012 80.4 66.5 0.351 148.7 71.8
D C 534.7 265.6 387.7 1016.7 -272.4 895.5
F 1427.164207 409.052207 0.135825
E -2.988420 87.175399 97.736683 0.254048
W C 1040.9 119.0 1865.0 729.1 1618.0 1461.2 962.7 1250.7 524.3 840.9 234.4 1598.0
W E -0.194 76.8 59.7 -2.733 60.9 131.8 -0.658 153.2 53.9 -0.283 109.1 54.8 0.012 80.4 66.5 0.351 148.7 71.8
D C 487.4 268.7 335.3 1017.6
F 1471.225818 415.269435 0.139558
E -3.046859 87.433591 101.365629 0.262144
W C 1040.8 119.0 1865.1 729.1 1618.0 1461.2 962.6 1250.6 524.3 840.9 234.4 1598.0
W E -0.195 76.8 59.7 -2.733 60.9 131.8 -0.658 153.2 53.8 -0.283 109.1 54.8 0.012 80.4 66.5 0.351 148.7 71.8
D C 455.4 265.9 303.6 1014.8
F 1471.172210 414.915741 0.137969
E -3.032741 87.044825 100.204602 0.242252
W C 1040.8 119.0 1865.1 729.2 1618.1 1461.1 962.7 1250.6 524.3 840.9 234.4 1598.0
W E -0.196 76.8 59.7 -2.733 60.8 131.7 -0.658 153.2 53.8 -0.283 109.1 54.8 0.012 80.4 66.5 0.351 148.7 71.8
D C 436.2 267.4 290.6 1016.7
F 1515.767095 420.528580 0.134940
E -3.074308 87.269696 103.926467 0.256047
W C 1040.8 119.0 1865.0 729.3 1618.1 1461.1 962.7 1250.6 524.3 840.8 234.4 1598.0
W E -0.196 76.8 59.7 -2.734 60.8 131.7 -0.658 153.2 53.7 -0.283 109.1 54.8 0.012 80.4 66.5 0.351 148.7 71.8
D C 389.4 271.1 237.9 1018.8
F 1559.689912 426.571390 0.135730
E -3.102394 87.437356 107.848147 0.263960
W C 1040.7 118.9 1865.1 729.3 1618.1 1461.1 962.7 1250.6 524.3 840.8 234.4 1598.0
W E -0.197 76.8 59.7 -2.734 60.7 131.6 -0.658 153.1 53.7 -0.283 109.1 54.8 0.012 80.4 66.5 0.351 148.7 71.8
D C 372.0 272.8 218.6 1021.1
F 1603.579753 432.786009 0.140492
E -3.122767 87.541287 111.943492 0.268708
W C 1040.5 118.9 1865.3 729.3 1618.1 1461.1 962.7 1250.6 524.3 840.8 234.4 1598.1
W E -0.198 76.7 59.7 -2.735 60.6 131.6 -0.658 153.1 53.7 -0.283 109.1 54.8 0.012 80.4 66.5 0.350 148.7 71.8
D C 327.8 272.8 173.6 1023.7
F 1645.102440 439.608458 0.147502
E -3.138240 87.525014 115.988637 0.270229
W C 1040.3 118.9 1865.6 729.3 1618.1 1461.2 962.7 1250.6 524.2 840.9 234.5 1598.1
W E -0.198 76.7 59.7 -2.735 60.6 131.5 -0.658 153.1 53.6 -0.283 109.1 54.8 0.012 80.4 66.5 0.350 148.7 71.8
D C 311.1 273.8 154.6 1026.0
F 1651.142680 440.015158 0.148458
E -3.141154 87.082574 115.542291 0.249961
W C 1040.2 118.9 1865.6 729.3 1618.1 1461.2 962.7 1250.6 524.2 840.9 234.5 1598.1
W E -0.199 76.7 59.7 -2.736 60.5 131.4 -0.658 153.1 53.6 -0.283 109.1 54.8 0.012 80.4 66.5 0.350 148.7 71.8
D C 275.0 275.4 119.7 1028.7
F 1651.567116 438.702027 0.141193
E -3.139913 86.706590 114.596992 0.235076
W C 1040.3 118.9 1865.5 729.4 1618.2 1461.2 962.7 1250.6 524.2 840.8 234.5 1598.1
W E -0.199 76.7 59.7 -2.736 60.4 131.4 -0.658 153.0 53.6 -0.283 109.1 54.8 0.012 80.4 66.5 0.350 148.7 71.8
D C 236.5 272.9 87.6 1026.0
F 1651.849904 437.823690 0.136482
E -3.136829 86.362046 113.854011 0.223922
W C 1040.3 118.9 1865.4 729.5 1618.2 1461.2 962.7 1250.6 524.2 840.8 234.5 1598.1
W E -0.200 76.7 59.7 -2.737 60.4 131.3 -0.657 153.0 53.5 -0.283 109.1 54.8 0.012 80.4 66.5 0.350 148.7 71.8
D C 238.9 274.0 90.6 1024.0
F 1652.059159 437.162101 0.133019
E -3.132673 86.040068 113.240240 0.215197
W C 1040.3 118.8 1865.3 729.5 1618.3 1461.2 962.7 1250.6 524.2 840.8 234.5 1598.1
W E -0.200 76.6 59.6 -2.737 60.3 131.3 -0.657 153.0 53.5 -0.283 109.1 54.8 0.012 80.4 66.5 0.350 148.7 71.8
D C 240.1 275.4 90.5 1022.8
F 1652.249789 436.695700 0.130439
E -3.127887 85.735401 112.715816 0.208149
W C 1040.4 118.8 1865.2 729.6 1618.3 1461.1 962.8 1250.6 524.2 840.8 234.5 1598.1
W E -0.200 76.6 59.6 -2.738 60.3 131.2 -0.657 153.0 53.4 -0.283 109.1 54.8 0.012 80.4 66.5 0.350 148.7 71.8
D C 239.5 274.7 90.1 1019.0
F 1652.408856 436.289013 0.128393
E -3.122740 85.444666 112.256975 0.202315
W C 1040.4 118.8 1865.1 729.6 1618.4 1461.1 962.8 1250.6 524.2 840.8 234.5 1598.0
W E -0.201 76.6 59.6 -2.738 60.2 131.2 -0.657 152.9 53.4 -0.283 109.1 54.8 0.012 80.4 66.5 0.350 148.7 71.8
D C 238.7 273.7 90.6 1024.2
F 1652.546696 435.952839 0.126756
E -3.117400 85.165652 111.848386 0.197388
W C 1040.4 118.8 1865.0 729.7 1618.4 1461.1 962.8 1250.6 524.2 840.8 234.5 1598.0
W E -0.201 76.6 59.6 -2.738 60.2 131.1 -0.657 152.9 53.4 -0.283 109.1 54.8 0.012 80.3 66.5 0.350 148.7 71.8
D C 238.7 273.7 90.6 1024.6
F 1652.662406 435.668801 0.125420
E -3.111977 84.896796 111.479693 0.193160
W C 1040.4 118.8 1864.9 729.7 1618.5 1461.1 962.8 1250.6 524.2 840.8 234.5 1598.0
W E -0.202 76.6 59.6 -2.739 60.1 131.1 -0.657 152.9 53.3 -0.283 109.1 54.8 0.012 80.3 66.5 0.350 148.7 71.8
D C 239.2 274.3 90.6 1024.1
